<TICKER>,<PER>,<DATE>,<TIME>,<OPEN>,<HIGH>,<LOW>,<CLOSE>
MTLR,D,20081226,000000,123.25000,123.25000,110.00000,114.00000
MTLR,D,20081229,000000,114.00000,114.00000,110.60000,110.60000
MTLR,D,20081230,000000,112.70000,112.70000,112.70000,112.70000
MTLR,D,20081231,000000,113.40000,113.40000,113.40000,113.40000
MTLR,D,20090111,000000,130.00000,130.00000,116.00000,121.00000
MTLR,D,20090112,000000,124.85000,145.00000,122.66000,132.85000
MTLR,D,20090113,000000,128.88000,140.00000,120.02000,121.45000
MTLR,D,20090114,000000,121.45000,122.00000,111.11000,113.00000
MTLR,D,20090115,000000,112.90000,118.49000,105.03000,106.00000
MTLR,D,20090116,000000,108.25000,111.90000,106.00000,107.50000
MTLR,D,20090119,000000,108.00000,108.00000,97.50000,99.60000
MTLR,D,20090120,000000,95.00000,100.00000,90.00000,92.50000
MTLR,D,20090121,000000,85.05000,89.99000,83.00000,85.00000
MTLR,D,20090122,000000,94.88000,94.88000,76.00000,80.00000
MTLR,D,20090123,000000,84.99000,84.99000,73.00000,75.00000
MTLR,D,20090126,000000,77.00000,88.50000,76.70000,87.00000
MTLR,D,20090127,000000,89.99000,105.00000,82.00000,93.00000
MTLR,D,20090128,000000,93.50000,93.50000,88.11000,91.51000
MTLR,D,20090129,000000,94.58000,99.95000,92.00000,92.00000
MTLR,D,20090130,000000,92.00000,97.47000,90.01000,95.13000
MTLR,D,20090202,000000,99.29000,103.99000,96.00000,101.89000
MTLR,D,20090203,000000,102.90000,111.99000,100.02000,111.90000
MTLR,D,20090204,000000,113.00000,125.00000,112.00000,124.00000
MTLR,D,20090205,000000,125.00000,149.99000,124.50000,130.00000
MTLR,D,20090206,000000,131.90000,148.49000,129.02000,147.00000
MTLR,D,20090209,000000,149.21000,205.86000,149.21000,173.99000
MTLR,D,20090210,000000,180.00000,217.00000,175.47000,188.80000
MTLR,D,20090211,000000,177.00000,183.50000,168.80000,175.10000
MTLR,D,20090212,000000,175.00000,175.10000,150.00000,154.15000
MTLR,D,20090213,000000,163.00000,163.30000,155.00000,159.00000
MTLR,D,20090216,000000,157.13000,159.79000,149.50000,156.00000
MTLR,D,20090217,000000,158.60000,158.79000,131.00000,143.69000
MTLR,D,20090218,000000,145.00000,147.00000,130.10000,139.00000
MTLR,D,20090219,000000,145.70000,147.00000,135.02000,142.00000
MTLR,D,20090220,000000,145.50000,160.00000,126.62000,134.00000
MTLR,D,20090224,000000,128.10000,139.87000,123.01000,134.90000
MTLR,D,20090225,000000,148.46000,156.00000,139.90000,142.00000
MTLR,D,20090226,000000,149.00000,159.00000,135.20000,150.00000
MTLR,D,20090227,000000,139.60000,146.00000,131.02000,134.97000
MTLR,D,20090302,000000,131.53000,133.99000,125.00000,130.46000
MTLR,D,20090303,000000,126.50000,140.35000,126.50000,128.00000
MTLR,D,20090304,000000,130.76000,140.00000,130.00000,131.99000
MTLR,D,20090305,000000,135.00000,135.97000,128.50000,128.51000
MTLR,D,20090306,000000,127.80000,129.90000,125.13000,126.00000
MTLR,D,20090310,000000,128.50000,134.50000,126.10000,132.80000
MTLR,D,20090311,000000,134.13000,135.99000,126.80000,128.44000
MTLR,D,20090312,000000,128.20000,128.97000,120.00000,121.12000
MTLR,D,20090313,000000,124.00000,128.80000,122.00000,126.00000
MTLR,D,20090316,000000,128.98000,133.50000,126.00000,133.00000
MTLR,D,20090317,000000,135.01000,135.01000,124.99000,129.00000
MTLR,D,20090318,000000,130.20000,131.00000,124.80000,126.50000
MTLR,D,20090319,000000,133.00000,138.50000,130.00000,134.13000
MTLR,D,20090320,000000,135.50000,145.00000,135.11000,142.00000
MTLR,D,20090323,000000,144.00000,163.00000,140.02000,160.41000
MTLR,D,20090324,000000,162.30000,165.00000,144.05000,147.00000
MTLR,D,20090325,000000,146.98000,157.30000,140.10000,154.00000
MTLR,D,20090326,000000,155.00000,159.90000,148.50000,157.99000
MTLR,D,20090327,000000,157.55000,159.99000,146.01000,151.00000
MTLR,D,20090330,000000,146.00000,149.00000,138.81000,140.00000
MTLR,D,20090331,000000,141.00000,148.00000,136.04000,146.89000
MTLR,D,20090401,000000,148.99000,149.95000,141.10000,145.92000
MTLR,D,20090402,000000,148.87000,157.00000,146.53000,152.50000
MTLR,D,20090403,000000,151.99000,156.96000,151.99000,156.29000
MTLR,D,20090406,000000,162.00000,168.30000,157.00000,157.99000
MTLR,D,20090407,000000,156.51000,161.51000,155.01000,158.98000
MTLR,D,20090408,000000,158.00000,168.87000,152.51000,167.00000
MTLR,D,20090409,000000,171.00000,199.00000,169.05000,198.90000
MTLR,D,20090410,000000,201.00000,201.01000,190.01000,194.50000
MTLR,D,20090413,000000,190.11000,198.00000,190.07000,195.00000
MTLR,D,20090414,000000,205.00000,214.90000,201.01000,209.90000
MTLR,D,20090415,000000,199.00000,204.94000,190.00000,202.00000
MTLR,D,20090416,000000,204.01000,210.00000,200.82000,206.50000
MTLR,D,20090417,000000,209.00000,218.01000,208.00000,218.00000
MTLR,D,20090420,000000,214.75000,221.95000,195.20000,199.00000
MTLR,D,20090421,000000,194.00000,199.00000,180.18000,193.60000
MTLR,D,20090422,000000,196.00000,203.87000,192.99000,201.98000
MTLR,D,20090423,000000,201.00000,207.00000,198.75000,203.00000
MTLR,D,20090424,000000,204.95000,207.70000,200.00000,206.00000
MTLR,D,20090427,000000,200.89000,203.50000,195.50000,198.90000
MTLR,D,20090428,000000,196.00000,196.00000,181.01000,186.78000
MTLR,D,20090429,000000,187.50000,189.89000,185.01000,187.00000
MTLR,D,20090430,000000,187.00000,189.90000,183.99000,186.96000
MTLR,D,20090504,000000,200.00000,207.00000,193.00000,206.00000
MTLR,D,20090505,000000,210.00000,216.99000,206.14000,212.96000
MTLR,D,20090506,000000,210.00000,223.00000,206.18000,214.50000
MTLR,D,20090507,000000,230.00000,239.99000,218.00000,228.80000
MTLR,D,20090508,000000,227.00000,234.99000,223.31000,230.50000
MTLR,D,20090512,000000,232.20000,244.00000,224.00000,244.00000
MTLR,D,20090513,000000,249.00000,259.00000,225.00000,231.31000
MTLR,D,20090514,000000,224.98000,225.00000,215.02000,224.50000
MTLR,D,20090515,000000,227.58000,230.00000,219.99000,226.80000
MTLR,D,20090518,000000,225.98000,232.00000,217.26000,232.00000
MTLR,D,20090519,000000,245.50000,255.00000,235.30000,255.00000
MTLR,D,20090520,000000,259.11000,272.00000,251.00000,269.00000
MTLR,D,20090521,000000,260.00000,265.80000,250.00000,256.10000
MTLR,D,20090522,000000,256.00000,259.85000,250.01000,257.97000
MTLR,D,20090525,000000,259.98000,259.98000,250.33000,256.98000
MTLR,D,20090526,000000,257.70000,258.78000,242.30000,255.89000
MTLR,D,20090527,000000,262.00000,271.00000,256.00000,265.88000
MTLR,D,20090528,000000,266.91000,283.00000,262.00000,272.90000
MTLR,D,20090529,000000,280.00000,288.89000,277.07000,283.00000
MTLR,D,20090601,000000,287.00000,299.40000,283.00000,298.99000
MTLR,D,20090602,000000,302.00000,316.99000,289.00000,316.50000
MTLR,D,20090603,000000,316.50000,324.99000,300.00000,303.00000
MTLR,D,20090604,000000,297.70000,308.00000,287.00000,294.99000
MTLR,D,20090605,000000,295.60000,312.00000,292.01000,302.99000
MTLR,D,20090608,000000,302.98000,303.10000,282.00000,289.00000
MTLR,D,20090609,000000,292.67000,296.00000,286.75000,291.99000
MTLR,D,20090610,000000,294.40000,297.10000,280.00000,293.47000
MTLR,D,20090611,000000,296.00000,296.00000,280.00000,290.98000
MTLR,D,20090615,000000,289.39000,289.40000,263.31000,266.97000
MTLR,D,20090616,000000,261.00000,284.30000,259.00000,283.98000
MTLR,D,20090617,000000,283.00000,294.00000,256.36000,262.99000
MTLR,D,20090618,000000,263.00000,269.00000,245.01000,268.00000
MTLR,D,20090619,000000,268.79000,280.90000,262.01000,274.45000
MTLR,D,20090622,000000,274.50000,275.99000,236.10000,242.63000
MTLR,D,20090623,000000,235.00000,249.90000,220.02000,238.50000
MTLR,D,20090624,000000,245.00000,258.80000,243.27000,252.90000
MTLR,D,20090625,000000,245.02000,249.00000,236.00000,244.00000
MTLR,D,20090626,000000,254.30000,254.99000,237.00000,244.44000
MTLR,D,20090629,000000,232.22000,248.40000,232.22000,248.40000
MTLR,D,20090630,000000,247.00000,254.60000,239.00000,241.50000
MTLR,D,20090701,000000,243.99000,245.99000,238.30000,245.98000
MTLR,D,20090702,000000,244.50000,254.00000,243.93000,254.00000
MTLR,D,20090703,000000,249.98000,253.50000,245.50000,253.00000
MTLR,D,20090706,000000,251.00000,254.50000,235.00000,239.45000
MTLR,D,20090707,000000,244.43000,244.86000,235.22000,239.98000
MTLR,D,20090708,000000,231.41000,235.00000,225.00000,235.00000
MTLR,D,20090709,000000,234.50000,235.99000,230.05000,233.80000
MTLR,D,20090710,000000,236.35000,237.99000,217.50000,217.65000
MTLR,D,20090713,000000,210.00000,219.00000,210.00000,211.00000
MTLR,D,20090714,000000,217.26000,229.00000,216.00000,224.01000
MTLR,D,20090715,000000,230.00000,243.00000,226.01000,243.00000
MTLR,D,20090716,000000,246.00000,264.89000,245.68000,253.12000
MTLR,D,20090717,000000,255.55000,266.00000,250.05000,262.99000
MTLR,D,20090720,000000,265.35000,270.00000,264.50000,267.00000
MTLR,D,20090721,000000,267.97000,269.29000,257.01000,269.29000
MTLR,D,20090722,000000,269.29000,271.30000,261.26000,262.35000
MTLR,D,20090723,000000,265.55000,280.00000,263.51000,280.00000
MTLR,D,20090724,000000,280.96000,290.00000,271.50000,275.50000
MTLR,D,20090727,000000,278.20000,286.00000,275.12000,282.48000
MTLR,D,20090728,000000,285.00000,300.00000,271.26000,272.00000
MTLR,D,20090729,000000,267.51000,281.80000,266.00000,275.67000
MTLR,D,20090730,000000,275.00000,295.00000,273.00000,294.96000
MTLR,D,20090731,000000,296.13000,297.00000,284.50000,293.00000
MTLR,D,20090803,000000,293.10000,318.98000,290.31000,317.90000
MTLR,D,20090804,000000,315.00000,315.00000,309.90000,312.98000
MTLR,D,20090805,000000,312.00000,312.00000,295.01000,299.64000
MTLR,D,20090806,000000,304.88000,310.70000,297.00000,304.58000
MTLR,D,20090807,000000,301.89000,329.00000,295.44000,327.70000
MTLR,D,20090810,000000,327.00000,333.00000,320.10000,328.00000
MTLR,D,20090811,000000,328.95000,349.65000,306.02000,308.61000
MTLR,D,20090812,000000,308.49000,326.00000,295.31000,325.98000
MTLR,D,20090813,000000,240.00000,337.45000,237.41000,333.00000
MTLR,D,20090814,000000,336.00000,349.99000,324.00000,333.89000
MTLR,D,20090817,000000,316.00000,329.98000,306.01000,306.01000
MTLR,D,20090818,000000,309.99000,318.00000,300.83000,312.99000
MTLR,D,20090819,000000,307.80000,311.99000,301.88000,303.00000
MTLR,D,20090820,000000,313.00000,313.00000,305.36000,309.95000
MTLR,D,20090821,000000,308.00000,328.97000,305.01000,328.90000
MTLR,D,20090824,000000,331.86000,336.33000,329.87000,332.98000
MTLR,D,20090825,000000,335.00000,351.59000,332.98000,347.00000
MTLR,D,20090826,000000,348.59000,354.12000,341.70000,349.13000
MTLR,D,20090827,000000,343.79000,354.00000,334.96000,342.00000
MTLR,D,20090828,000000,346.15000,370.89000,345.00000,357.50000
MTLR,D,20090831,000000,349.98000,354.90000,343.00000,348.00000
MTLR,D,20090901,000000,351.05000,356.00000,343.73000,350.00000
MTLR,D,20090902,000000,343.78000,345.00000,313.01000,314.21000
MTLR,D,20090903,000000,323.00000,352.00000,320.00000,339.85000
MTLR,D,20090904,000000,344.99000,349.80000,333.52000,340.70000
MTLR,D,20090907,000000,342.00000,346.15000,341.38000,343.00000
MTLR,D,20090908,000000,348.59000,360.00000,342.00000,359.99000
MTLR,D,20090909,000000,354.02000,364.80000,354.02000,359.00000
MTLR,D,20090910,000000,361.05000,409.99000,360.02000,394.00000
MTLR,D,20090911,000000,400.00000,497.00000,385.21000,436.00000
MTLR,D,20090914,000000,430.00000,436.00000,404.16000,413.50000
MTLR,D,20090915,000000,418.46000,439.89000,414.41000,426.89000
MTLR,D,20090916,000000,426.89000,429.40000,411.99000,420.99000
MTLR,D,20090917,000000,426.65000,439.07000,420.99000,431.00000
MTLR,D,20090918,000000,431.00000,437.90000,406.17000,430.27000
MTLR,D,20090921,000000,416.01000,428.78000,409.12000,414.95000
MTLR,D,20090922,000000,415.00000,450.00000,415.00000,439.90000
MTLR,D,20090923,000000,440.00000,478.00000,440.00000,459.89000
MTLR,D,20090924,000000,455.00000,472.00000,441.25000,444.00000
MTLR,D,20090925,000000,445.10000,459.95000,433.20000,449.19000
MTLR,D,20090928,000000,435.07000,467.80000,431.01000,460.00000
MTLR,D,20090929,000000,466.20000,514.99000,455.21000,494.99000
MTLR,D,20090930,000000,498.79000,500.00000,475.65000,477.00000
MTLR,D,20091001,000000,484.99000,498.60000,476.51000,484.99000
MTLR,D,20091002,000000,465.03000,475.28000,446.45000,463.42000
MTLR,D,20091005,000000,467.00000,467.00000,449.50000,451.33000
MTLR,D,20091006,000000,463.48000,478.80000,455.01000,478.20000
MTLR,D,20091007,000000,484.27000,485.00000,468.45000,469.99000
MTLR,D,20091008,000000,479.99000,485.89000,474.99000,478.50000
MTLR,D,20091009,000000,480.50000,487.37000,470.56000,477.02000
MTLR,D,20091012,000000,479.70000,488.75000,478.21000,484.05000
MTLR,D,20091013,000000,488.36000,494.99000,473.30000,478.00000
MTLR,D,20091014,000000,478.00000,497.00000,478.00000,496.99000
MTLR,D,20091015,000000,502.31000,512.00000,494.00000,502.00000
MTLR,D,20091016,000000,507.12000,507.98000,478.02000,502.99000
MTLR,D,20091019,000000,500.00000,506.00000,492.01000,506.00000
MTLR,D,20091020,000000,509.41000,529.00000,501.22000,518.99000
MTLR,D,20091021,000000,518.99000,530.00000,496.00000,519.99000
MTLR,D,20091022,000000,512.00000,526.00000,488.23000,490.00000
MTLR,D,20091023,000000,502.00000,503.00000,490.63000,498.84000
MTLR,D,20091026,000000,494.88000,499.97000,493.01000,494.00000
MTLR,D,20091027,000000,491.90000,494.37000,462.64000,470.00000
MTLR,D,20091028,000000,457.00000,465.00000,430.00000,435.01000
MTLR,D,20091029,000000,421.01000,468.01000,411.51000,465.00000
MTLR,D,20091030,000000,472.00000,472.00000,440.00000,450.99000
MTLR,D,20091102,000000,445.83000,460.00000,444.00000,459.40000
MTLR,D,20091103,000000,456.88000,456.89000,432.00000,437.00000
MTLR,D,20091105,000000,442.64000,497.67000,442.64000,492.09000
MTLR,D,20091106,000000,501.01000,501.01000,456.01000,480.00000
MTLR,D,20091109,000000,485.00000,498.98000,470.01000,491.00000
MTLR,D,20091110,000000,492.00000,497.00000,472.09000,480.00000
MTLR,D,20091111,000000,482.00000,486.88000,471.67000,482.00000
MTLR,D,20091112,000000,480.00000,480.00000,460.00000,472.00000
MTLR,D,20091113,000000,465.00000,475.00000,457.51000,469.90000
MTLR,D,20091116,000000,476.00000,502.00000,476.00000,502.00000
MTLR,D,20091117,000000,500.00000,500.00000,476.01000,485.41000
MTLR,D,20091118,000000,487.00000,497.98000,477.01000,489.00000
MTLR,D,20091119,000000,481.64000,487.98000,473.00000,478.50000
MTLR,D,20091120,000000,480.00000,483.80000,475.00000,477.02000
MTLR,D,20091123,000000,480.00000,486.37000,479.00000,480.00000
MTLR,D,20091124,000000,478.99000,481.10000,465.01000,470.00000
MTLR,D,20091125,000000,468.88000,480.00000,458.08000,464.79000
MTLR,D,20091126,000000,457.02000,464.98000,447.00000,454.00000
MTLR,D,20091127,000000,445.83000,471.00000,420.00000,469.00000
MTLR,D,20091130,000000,471.53000,475.00000,449.00000,454.08000
MTLR,D,20091201,000000,461.69000,470.00000,452.12000,467.96000
MTLR,D,20091202,000000,466.20000,483.90000,466.20000,480.00000
MTLR,D,20091203,000000,479.00000,485.95000,475.24000,478.75000
MTLR,D,20091204,000000,474.92000,492.00000,470.00000,492.00000
MTLR,D,20091207,000000,490.00000,491.99000,478.00000,490.00000
MTLR,D,20091208,000000,490.00000,499.00000,480.17000,488.94000
MTLR,D,20091209,000000,485.02000,497.97000,472.00000,473.00000
MTLR,D,20091210,000000,471.60000,472.60000,468.60000,470.10000
MTLR,D,20091211,000000,475.00000,477.91000,470.00000,474.04000
MTLR,D,20091214,000000,473.00000,485.00000,471.06000,485.00000
MTLR,D,20091215,000000,487.70000,494.96000,480.64000,486.95000
MTLR,D,20091216,000000,488.38000,499.00000,482.53000,495.93000
MTLR,D,20091217,000000,492.00000,495.95000,482.62000,486.97000
MTLR,D,20091218,000000,490.00000,490.00000,487.07000,487.31000
MTLR,D,20091221,000000,495.00000,497.31000,484.99000,492.14000
MTLR,D,20091222,000000,498.29000,498.29000,476.00000,483.00000
MTLR,D,20091223,000000,488.38000,488.87000,478.17000,482.00000
MTLR,D,20091224,000000,486.00000,486.00000,467.00000,472.00000
MTLR,D,20091225,000000,472.00000,478.97000,468.31000,477.00000
MTLR,D,20091228,000000,478.20000,485.87000,478.20000,485.87000
MTLR,D,20091229,000000,479.99000,485.50000,476.37000,484.50000
MTLR,D,20091230,000000,485.00000,487.00000,480.00000,485.00000
MTLR,D,20091231,000000,487.01000,487.01000,476.21000,487.00000
MTLR,D,20100111,000000,501.21000,529.00000,495.00000,527.00000
MTLR,D,20100112,000000,527.00000,533.00000,515.00000,519.00000
MTLR,D,20100113,000000,517.76000,579.00000,515.50000,564.33000
MTLR,D,20100114,000000,574.43000,640.00000,568.28000,605.02000
MTLR,D,20100115,000000,610.00000,611.49000,600.00000,605.00000
MTLR,D,20100118,000000,615.00000,646.83000,585.01000,625.50000
MTLR,D,20100119,000000,623.80000,638.30000,605.00000,633.00000
MTLR,D,20100120,000000,646.00000,649.70000,619.90000,625.00000
MTLR,D,20100121,000000,626.00000,633.34000,591.07000,609.90000
MTLR,D,20100122,000000,600.00000,600.00000,579.76000,587.50000
MTLR,D,20100125,000000,582.00000,603.00000,570.00000,590.00000
MTLR,D,20100126,000000,582.25000,586.00000,572.69000,576.00000
MTLR,D,20100127,000000,575.00000,584.29000,570.60000,572.48000
MTLR,D,20100128,000000,578.00000,598.53000,572.10000,575.00000
MTLR,D,20100129,000000,567.01000,579.00000,553.30000,578.20000
MTLR,D,20100201,000000,574.98000,592.00000,569.99000,592.00000
MTLR,D,20100202,000000,607.21000,640.00000,600.06000,622.00000
MTLR,D,20100203,000000,627.00000,655.00000,625.33000,640.00000
MTLR,D,20100204,000000,644.95000,675.75000,615.20000,625.00000
MTLR,D,20100205,000000,611.58000,615.00000,585.56000,599.98000
MTLR,D,20100208,000000,600.98000,623.89000,594.64000,615.00000
MTLR,D,20100209,000000,612.00000,642.13000,603.05000,634.19000
MTLR,D,20100210,000000,643.06000,653.80000,614.00000,623.00000
MTLR,D,20100211,000000,637.98000,637.99000,610.00000,621.00000
MTLR,D,20100212,000000,633.33000,645.03000,615.02000,627.04000
MTLR,D,20100215,000000,629.89000,647.67000,626.99000,647.20000
MTLR,D,20100216,000000,651.20000,699.00000,651.00000,690.31000
MTLR,D,20100217,000000,698.79000,718.00000,690.00000,692.00000
MTLR,D,20100218,000000,692.00000,700.00000,667.40000,682.90000
MTLR,D,20100219,000000,675.00000,689.00000,641.01000,687.97000
MTLR,D,20100224,000000,680.08000,685.78000,666.31000,676.99000
MTLR,D,20100225,000000,672.01000,672.01000,641.35000,643.89000
MTLR,D,20100226,000000,651.39000,663.77000,646.00000,655.25000
MTLR,D,20100227,000000,659.00000,674.00000,659.00000,671.70000
MTLR,D,20100301,000000,679.43000,697.00000,669.00000,676.95000
MTLR,D,20100302,000000,680.30000,688.98000,670.50000,680.01000
MTLR,D,20100303,000000,677.86000,725.00000,677.86000,721.99000
MTLR,D,20100304,000000,711.16000,736.89000,697.00000,714.91000
MTLR,D,20100305,000000,718.20000,740.00000,718.20000,731.00000
MTLR,D,20100309,000000,738.00000,759.00000,729.00000,736.99000
MTLR,D,20100310,000000,736.70000,737.53000,725.00000,728.00000
MTLR,D,20100311,000000,723.88000,742.05000,723.00000,729.00000
MTLR,D,20100312,000000,733.00000,745.80000,730.00000,738.60000
MTLR,D,20100315,000000,733.00000,745.00000,712.02000,730.67000
MTLR,D,20100316,000000,737.97000,743.00000,731.00000,740.95000
MTLR,D,20100317,000000,745.00000,775.00000,745.00000,761.00000
MTLR,D,20100318,000000,760.96000,768.00000,739.85000,740.00000
MTLR,D,20100319,000000,747.79000,752.00000,737.00000,742.00000
MTLR,D,20100322,000000,734.01000,745.90000,725.05000,735.00000
MTLR,D,20100323,000000,753.57000,763.00000,751.50000,759.86000
MTLR,D,20100324,000000,760.96000,798.00000,760.96000,780.00000
MTLR,D,20100325,000000,780.00000,796.89000,764.53000,795.99000
MTLR,D,20100326,000000,795.00000,824.95000,795.00000,817.99000
MTLR,D,20100329,000000,818.00000,836.00000,812.00000,835.50000
MTLR,D,20100330,000000,841.00000,859.80000,822.28000,838.96000
MTLR,D,20100331,000000,837.99000,854.99000,825.04000,835.00000
MTLR,D,20100401,000000,840.00000,845.00000,835.08000,844.00000
MTLR,D,20100402,000000,849.00000,849.98000,835.00000,847.89000
MTLR,D,20100405,000000,848.50000,875.00000,838.22000,863.00000
MTLR,D,20100406,000000,864.50000,879.00000,845.00000,860.00000
MTLR,D,20100407,000000,858.00000,863.99000,791.44000,847.00000
MTLR,D,20100408,000000,844.92000,855.00000,817.48000,849.00000
MTLR,D,20100409,000000,853.46000,882.00000,853.25000,860.00000
MTLR,D,20100412,000000,869.98000,875.00000,846.50000,870.00000
MTLR,D,20100413,000000,874.93000,877.42000,850.01000,867.50000
MTLR,D,20100414,000000,866.42000,880.00000,866.42000,874.00000
MTLR,D,20100415,000000,877.00000,879.00000,845.00000,865.99000
MTLR,D,20100416,000000,856.40000,856.40000,826.05000,828.01000
MTLR,D,20100419,000000,820.00000,830.00000,783.00000,816.00000
MTLR,D,20100420,000000,826.01000,834.90000,808.04000,820.98000
MTLR,D,20100421,000000,825.00000,831.00000,801.00000,813.63000
MTLR,D,20100422,000000,810.00000,818.49000,780.36000,784.71000
MTLR,D,20100423,000000,791.00000,812.00000,782.00000,797.94000
MTLR,D,20100426,000000,808.00000,818.89000,796.97000,803.00000
MTLR,D,20100427,000000,786.00000,803.00000,759.78000,772.99000
MTLR,D,20100428,000000,752.55000,770.00000,731.00000,760.00000
MTLR,D,20100429,000000,761.14000,784.14000,761.13000,784.05000
MTLR,D,20100430,000000,783.95000,789.30000,756.84000,758.97000
MTLR,D,20100504,000000,780.00000,780.00000,702.00000,707.98000
MTLR,D,20100505,000000,700.19000,734.01000,690.01000,690.20000
MTLR,D,20100506,000000,698.89000,720.00000,681.43000,704.98000
MTLR,D,20100507,000000,671.51000,685.24000,640.00000,640.17000
MTLR,D,20100511,000000,720.00000,749.99000,696.80000,742.10000
MTLR,D,20100512,000000,746.00000,779.85000,745.00000,760.99000
MTLR,D,20100513,000000,760.26000,779.85000,747.53000,753.00000
MTLR,D,20100514,000000,744.51000,750.00000,719.00000,731.50000
MTLR,D,20100517,000000,700.00000,739.77000,696.00000,729.03000
MTLR,D,20100518,000000,732.00000,745.00000,724.54000,744.99000
MTLR,D,20100519,000000,735.10000,735.10000,706.69000,712.00000
MTLR,D,20100520,000000,720.00000,728.00000,657.00000,666.90000
MTLR,D,20100521,000000,666.90000,715.00000,645.00000,706.93000
MTLR,D,20100524,000000,725.00000,725.00000,665.00000,669.80000
MTLR,D,20100525,000000,640.00000,668.48000,624.94000,650.00000
MTLR,D,20100526,000000,671.02000,730.00000,662.15000,707.00000
MTLR,D,20100527,000000,719.00000,719.00000,669.95000,692.00000
MTLR,D,20100528,000000,703.72000,709.95000,672.00000,676.00000
MTLR,D,20100531,000000,684.78000,699.00000,672.02000,691.64000
MTLR,D,20100601,000000,689.97000,704.00000,670.01000,690.01000
MTLR,D,20100602,000000,681.99000,697.74000,672.40000,687.18000
MTLR,D,20100603,000000,694.70000,712.05000,681.15000,685.00000
MTLR,D,20100604,000000,693.90000,695.99000,656.00000,667.56000
MTLR,D,20100607,000000,647.50000,659.19000,636.23000,651.66000
MTLR,D,20100608,000000,650.00000,659.99000,615.01000,617.99000
MTLR,D,20100609,000000,634.86000,653.89000,618.01000,650.00000
MTLR,D,20100610,000000,650.00000,664.90000,638.63000,664.00000
MTLR,D,20100611,000000,669.00000,674.99000,650.53000,662.80000
MTLR,D,20100615,000000,667.74000,679.90000,661.20000,679.00000
MTLR,D,20100616,000000,684.95000,696.50000,675.11000,684.35000
MTLR,D,20100617,000000,682.50000,697.98000,671.00000,681.79000
MTLR,D,20100618,000000,679.98000,680.00000,668.00000,674.20000
MTLR,D,20100621,000000,684.00000,702.00000,684.00000,700.00000
MTLR,D,20100622,000000,689.98000,695.00000,674.16000,683.80000
MTLR,D,20100623,000000,676.98000,689.90000,670.07000,671.10000
MTLR,D,20100624,000000,677.57000,679.99000,665.00000,670.00000
MTLR,D,20100625,000000,667.75000,667.94000,644.02000,645.99000
MTLR,D,20100628,000000,650.00000,659.99000,634.00000,644.50000
MTLR,D,20100629,000000,640.10000,640.10000,607.00000,614.50000
MTLR,D,20100630,000000,615.13000,615.13000,594.03000,599.99000
MTLR,D,20100701,000000,595.00000,595.00000,555.00000,557.98000
MTLR,D,20100702,000000,563.00000,575.00000,556.00000,559.00000
MTLR,D,20100705,000000,569.00000,570.00000,559.08000,567.00000
MTLR,D,20100706,000000,574.00000,587.27000,568.51000,585.00000
MTLR,D,20100707,000000,576.01000,582.89000,563.00000,582.87000
MTLR,D,20100708,000000,599.00000,604.99000,587.04000,592.98000
MTLR,D,20100709,000000,599.80000,607.80000,585.70000,607.00000
MTLR,D,20100712,000000,606.98000,618.44000,600.01000,606.00000
MTLR,D,20100713,000000,600.00000,626.01000,585.02000,617.00000
MTLR,D,20100714,000000,623.17000,629.89000,606.41000,610.72000
MTLR,D,20100715,000000,613.00000,622.99000,599.36000,603.19000
MTLR,D,20100716,000000,602.19000,608.95000,585.01000,587.69000
MTLR,D,20100719,000000,585.54000,594.71000,574.00000,575.00000
MTLR,D,20100720,000000,583.47000,584.99000,558.08000,570.00000
MTLR,D,20100721,000000,577.47000,604.99000,577.47000,601.06000
MTLR,D,20100722,000000,596.03000,629.01000,591.00000,629.01000
MTLR,D,20100723,000000,631.01000,640.49000,625.00000,639.00000
MTLR,D,20100726,000000,655.28000,688.00000,640.38000,688.00000
MTLR,D,20100727,000000,688.00000,697.00000,671.03000,676.01000
MTLR,D,20100728,000000,683.10000,686.00000,675.04000,677.00000
MTLR,D,20100729,000000,676.88000,687.00000,674.00000,687.00000
MTLR,D,20100730,000000,680.66000,683.22000,663.52000,674.00000
MTLR,D,20100802,000000,678.11000,702.89000,678.11000,701.00000
MTLR,D,20100803,000000,703.00000,714.46000,685.01000,692.98000
MTLR,D,20100804,000000,689.00000,713.27000,686.01000,709.98000
MTLR,D,20100805,000000,712.01000,714.00000,701.01000,703.92000
MTLR,D,20100806,000000,705.00000,711.44000,690.22000,692.08000
MTLR,D,20100809,000000,703.71000,705.35000,696.06000,704.00000
MTLR,D,20100810,000000,704.00000,704.00000,685.01000,687.64000
MTLR,D,20100811,000000,683.01000,683.02000,662.02000,666.99000
MTLR,D,20100812,000000,656.08000,674.00000,651.00000,660.24000
MTLR,D,20100813,000000,669.95000,675.00000,660.43000,669.00000
MTLR,D,20100816,000000,670.01000,685.05000,653.00000,685.00000
MTLR,D,20100817,000000,688.99000,695.00000,678.07000,695.00000
MTLR,D,20100818,000000,695.15000,707.50000,685.02000,703.00000
MTLR,D,20100819,000000,703.00000,721.00000,695.70000,707.50000
MTLR,D,20100820,000000,714.81000,714.81000,688.00000,697.00000
MTLR,D,20100823,000000,697.00000,709.72000,690.01000,699.00000
MTLR,D,20100824,000000,694.00000,695.99000,670.01000,680.00000
MTLR,D,20100825,000000,675.01000,684.00000,657.00000,658.70000
MTLR,D,20100826,000000,674.48000,678.97000,665.01000,678.97000
MTLR,D,20100827,000000,669.00000,695.00000,668.05000,694.99000
MTLR,D,20100830,000000,702.60000,707.48000,686.00000,698.00000
MTLR,D,20100831,000000,680.00000,700.00000,671.80000,697.98000
MTLR,D,20100901,000000,703.72000,730.00000,693.38000,730.00000
MTLR,D,20100902,000000,725.01000,744.76000,725.00000,733.69000
MTLR,D,20100903,000000,732.56000,754.00000,724.50000,737.94000
MTLR,D,20100906,000000,734.23000,760.26000,731.00000,752.75000
MTLR,D,20100907,000000,750.60000,759.99000,733.09000,735.05000
MTLR,D,20100908,000000,735.02000,751.57000,730.01000,750.50000
MTLR,D,20100909,000000,752.01000,772.00000,747.25000,768.00000
MTLR,D,20100910,000000,768.00000,784.44000,763.15000,771.00000
MTLR,D,20100913,000000,780.00000,780.00000,765.01000,775.00000
MTLR,D,20100914,000000,766.83000,772.88000,754.31000,763.00000
MTLR,D,20100915,000000,761.51000,762.00000,745.01000,752.00000
MTLR,D,20100916,000000,759.52000,760.00000,740.01000,749.20000
MTLR,D,20100917,000000,754.91000,754.91000,740.00000,743.18000
MTLR,D,20100920,000000,751.78000,752.47000,735.51000,749.98000
MTLR,D,20100921,000000,751.05000,759.07000,749.98000,753.00000
MTLR,D,20100922,000000,747.41000,752.36000,740.05000,749.00000
MTLR,D,20100923,000000,752.28000,756.89000,737.01000,741.00000
MTLR,D,20100924,000000,735.88000,754.00000,735.79000,746.84000
MTLR,D,20100927,000000,750.11000,754.99000,741.00000,746.50000
MTLR,D,20100928,000000,744.00000,749.70000,734.09000,743.99000
MTLR,D,20100929,000000,748.89000,754.99000,740.00000,744.00000
MTLR,D,20100930,000000,747.99000,764.99000,747.99000,764.99000
MTLR,D,20101001,000000,765.01000,771.99000,752.57000,764.83000
MTLR,D,20101004,000000,771.02000,772.95000,763.32000,770.00000
MTLR,D,20101005,000000,767.96000,771.50000,746.00000,752.93000
MTLR,D,20101006,000000,758.42000,758.50000,748.11000,750.30000
MTLR,D,20101007,000000,755.37000,755.37000,739.95000,741.09000
MTLR,D,20101008,000000,741.98000,745.00000,725.01000,734.99000
MTLR,D,20101011,000000,740.16000,749.69000,737.00000,744.86000
MTLR,D,20101012,000000,742.21000,744.90000,735.01000,742.00000
MTLR,D,20101013,000000,740.01000,747.50000,734.00000,735.96000
MTLR,D,20101014,000000,750.00000,753.80000,740.01000,745.01000
MTLR,D,20101015,000000,742.16000,749.40000,740.00000,744.00000
MTLR,D,20101018,000000,743.98000,763.00000,743.98000,757.50000
MTLR,D,20101019,000000,764.97000,764.98000,745.01000,745.03000
MTLR,D,20101020,000000,749.99000,749.99000,731.02000,739.00000
MTLR,D,20101021,000000,745.00000,748.00000,737.01000,742.37000
MTLR,D,20101022,000000,730.06000,745.00000,703.00000,712.00000
MTLR,D,20101025,000000,715.00000,719.98000,705.00000,716.45000
MTLR,D,20101026,000000,718.90000,720.00000,711.00000,713.96000
MTLR,D,20101027,000000,711.64000,721.99000,706.00000,707.00000
MTLR,D,20101028,000000,713.23000,715.00000,699.00000,700.00000
MTLR,D,20101029,000000,698.89000,715.50000,695.51000,715.20000
MTLR,D,20101101,000000,718.70000,729.00000,716.51000,722.70000
MTLR,D,20101102,000000,725.75000,730.60000,718.09000,730.56000
MTLR,D,20101103,000000,730.56000,731.55000,721.01000,724.03000
MTLR,D,20101108,000000,750.00000,760.00000,741.00000,757.97000
MTLR,D,20101109,000000,745.57000,788.00000,745.56000,778.00000
MTLR,D,20101110,000000,776.12000,777.00000,755.05000,759.50000
MTLR,D,20101111,000000,760.42000,771.00000,750.01000,769.80000
MTLR,D,20101112,000000,760.00000,778.00000,750.32000,775.40000
MTLR,D,20101113,000000,765.00000,773.00000,759.10000,764.98000
MTLR,D,20101115,000000,768.99000,770.00000,759.01000,765.79000
MTLR,D,20101116,000000,759.99000,766.72000,744.00000,744.00000
MTLR,D,20101117,000000,741.20000,749.00000,730.01000,746.00000
MTLR,D,20101118,000000,752.00000,755.99000,746.00000,750.99000
MTLR,D,20101119,000000,756.24000,758.00000,750.00000,758.00000
