<TICKER>,<PER>,<DATE>,<TIME>,<OPEN>,<HIGH>,<LOW>,<CLOSE>
SCOH,D,20030423,000000,100.10000,100.10000,100.10000,100.10000
SCOH,D,20030428,000000,100.20000,100.20000,100.20000,100.20000
SCOH,D,20030515,000000,100.01000,100.25000,100.01000,100.25000
SCOH,D,20030516,000000,100.25000,100.25000,100.25000,100.25000
SCOH,D,20030521,000000,100.25000,100.25000,100.25000,100.25000
SCOH,D,20030522,000000,100.25000,100.25000,99.60000,99.60000
SCOH,D,20030523,000000,100.25000,100.25000,100.25000,100.25000
SCOH,D,20030526,000000,100.00000,100.00000,100.00000,100.00000
SCOH,D,20030530,000000,100.25000,100.25000,100.23000,100.23000
SCOH,D,20030603,000000,100.30000,100.30000,100.30000,100.30000
SCOH,D,20030605,000000,100.30000,100.35000,100.30000,100.35000
SCOH,D,20030609,000000,100.34000,100.35000,100.34000,100.35000
SCOH,D,20030611,000000,100.39000,100.40000,99.70000,100.40000
SCOH,D,20030616,000000,100.30000,100.40000,100.30000,100.40000
SCOH,D,20030617,000000,100.40000,100.45000,100.40000,100.45000
SCOH,D,20030619,000000,100.40000,100.40000,100.40000,100.40000
SCOH,D,20030620,000000,100.00000,100.40000,100.00000,100.40000
SCOH,D,20030625,000000,100.50000,100.50000,100.40000,100.40000
SCOH,D,20030701,000000,100.40000,100.40000,99.50000,99.50000
SCOH,D,20030702,000000,100.40000,100.40000,100.40000,100.40000
SCOH,D,20030704,000000,100.00000,100.00000,100.00000,100.00000
SCOH,D,20030711,000000,100.40000,100.40000,100.00000,100.00000
SCOH,D,20030714,000000,100.40000,100.40000,99.70000,99.70000
SCOH,D,20030717,000000,100.00000,100.00000,100.00000,100.00000
SCOH,D,20030722,000000,100.00000,100.00000,99.70000,99.70000
SCOH,D,20030723,000000,99.80000,99.80000,99.80000,99.80000
SCOH,D,20030801,000000,100.00000,100.00000,100.00000,100.00000
SCOH,D,20030812,000000,100.50000,100.50000,100.50000,100.50000
SCOH,D,20030820,000000,100.10000,100.10000,99.95000,99.95000
SCOH,D,20030822,000000,100.45000,100.45000,99.80000,99.80000
SCOH,D,20030825,000000,100.10000,100.10000,100.10000,100.10000
SCOH,D,20030826,000000,100.10000,100.10000,100.10000,100.10000
SCOH,D,20040105,000000,101.00000,101.00000,101.00000,101.00000
SCOH,D,20040113,000000,100.00000,100.00000,99.00000,99.00000
SCOH,D,20040116,000000,101.00000,101.00000,101.00000,101.00000
SCOH,D,20040119,000000,101.00000,101.00000,101.00000,101.00000
SCOH,D,20040218,000000,103.40000,103.40000,103.40000,103.40000
SCOH,D,20041209,000000,280.00000,280.00000,280.00000,280.00000
SCOH,D,20041229,000000,270.00000,274.00000,270.00000,273.50000
SCOH,D,20041230,000000,276.26000,279.26000,276.00000,278.00000
SCOH,D,20050111,000000,265.50000,279.50000,265.50000,277.00000
SCOH,D,20050112,000000,278.50000,280.00000,278.50000,280.00000
SCOH,D,20050113,000000,279.80000,279.80000,279.80000,279.80000
SCOH,D,20050114,000000,265.00000,278.00000,265.00000,278.00000
SCOH,D,20050117,000000,278.80000,278.80000,278.80000,278.80000
SCOH,D,20050120,000000,275.00000,275.00000,275.00000,275.00000
SCOH,D,20050125,000000,275.00000,275.00000,275.00000,275.00000
SCOH,D,20050127,000000,266.50000,268.00000,266.50000,268.00000
SCOH,D,20050128,000000,266.00000,278.00000,266.00000,276.00000
SCOH,D,20050131,000000,275.00000,281.00000,267.00000,281.00000
SCOH,D,20050201,000000,282.00000,289.00000,279.00000,289.00000
SCOH,D,20050202,000000,282.00000,293.50000,282.00000,292.50000
SCOH,D,20050203,000000,287.00000,300.00000,287.00000,297.00000
SCOH,D,20050204,000000,295.01000,300.00000,295.01000,297.01000
SCOH,D,20050207,000000,299.00000,299.00000,299.00000,299.00000
SCOH,D,20050208,000000,292.00000,295.00000,292.00000,294.50000
SCOH,D,20050209,000000,300.00000,300.00000,298.00000,298.00000
SCOH,D,20050210,000000,298.00000,301.00000,297.01000,297.50000
SCOH,D,20050214,000000,297.10000,302.00000,297.10000,299.99000
SCOH,D,20050215,000000,299.00000,302.90000,296.07000,296.07000
SCOH,D,20050216,000000,299.99000,299.99000,296.00000,296.00000
SCOH,D,20050217,000000,296.00000,297.00000,295.00000,295.00000
SCOH,D,20050218,000000,293.00000,296.50000,293.00000,296.50000
SCOH,D,20050221,000000,293.00000,298.00000,293.00000,296.51000
SCOH,D,20050222,000000,298.00000,298.00000,294.00000,294.00000
SCOH,D,20050224,000000,294.00000,294.00000,293.50000,293.50000
SCOH,D,20050225,000000,295.00000,301.00000,295.00000,301.00000
SCOH,D,20050301,000000,301.00000,303.00000,301.00000,302.15000
SCOH,D,20050302,000000,302.00000,305.80000,301.35000,305.79000
SCOH,D,20050303,000000,303.00000,310.00000,303.00000,306.00000
SCOH,D,20050304,000000,308.00000,308.50000,307.00000,307.10000
SCOH,D,20050305,000000,307.00000,309.00000,306.00000,306.00000
SCOH,D,20050309,000000,309.99000,310.00000,306.00000,306.00000
SCOH,D,20050310,000000,303.50000,303.50000,302.50000,302.50000
SCOH,D,20050311,000000,304.00000,304.00000,304.00000,304.00000
SCOH,D,20050314,000000,302.50000,306.00000,302.00000,306.00000
SCOH,D,20050315,000000,304.00000,304.00000,303.25000,303.25000
SCOH,D,20050316,000000,303.00000,306.50000,300.00000,306.50000
SCOH,D,20050317,000000,305.99000,305.99000,302.00000,302.00000
SCOH,D,20050318,000000,303.00000,303.00000,303.00000,303.00000
SCOH,D,20050321,000000,300.51000,305.50000,300.51000,305.50000
SCOH,D,20050322,000000,301.80000,301.95000,301.55000,301.55000
SCOH,D,20050323,000000,302.00000,303.00000,302.00000,303.00000
SCOH,D,20050324,000000,303.00000,303.01000,301.00000,301.00000
SCOH,D,20050325,000000,303.50000,305.99000,303.50000,304.00000
SCOH,D,20050329,000000,308.50000,308.50000,302.00000,306.15000
SCOH,D,20050330,000000,307.00000,307.00000,307.00000,307.00000
SCOH,D,20050404,000000,305.30000,307.50000,305.30000,307.50000
SCOH,D,20050405,000000,305.29000,307.50000,305.29000,307.50000
SCOH,D,20050406,000000,307.00000,308.00000,307.00000,308.00000
SCOH,D,20050407,000000,308.00000,308.00000,308.00000,308.00000
SCOH,D,20050408,000000,308.00000,310.00000,305.00000,309.50000
SCOH,D,20050411,000000,305.50000,307.00000,304.50000,304.50000
SCOH,D,20050412,000000,308.00000,308.00000,307.01000,308.00000
SCOH,D,20050413,000000,308.50000,318.99000,308.50000,318.99000
SCOH,D,20050414,000000,313.01000,319.99000,313.01000,319.99000
SCOH,D,20050415,000000,317.00000,333.01000,317.00000,333.01000
SCOH,D,20050418,000000,344.99000,345.00000,331.00000,339.00000
SCOH,D,20050419,000000,335.00000,340.00000,335.00000,340.00000
SCOH,D,20050420,000000,338.99000,340.00000,338.99000,340.00000
SCOH,D,20050421,000000,338.00000,347.00000,338.00000,344.99000
SCOH,D,20050422,000000,343.00000,346.00000,325.00000,337.00000
SCOH,D,20050425,000000,335.00000,335.00000,328.00000,328.00000
SCOH,D,20050426,000000,332.00000,341.89000,330.10000,331.00000
SCOH,D,20050427,000000,333.50000,342.00000,333.50000,342.00000
SCOH,D,20050428,000000,341.50000,344.50000,341.50000,344.50000
SCOH,D,20050429,000000,341.00000,348.00000,341.00000,348.00000
SCOH,D,20050503,000000,375.00000,375.00000,360.00000,360.00000
SCOH,D,20050504,000000,360.00000,361.00000,354.99000,354.99000
SCOH,D,20050505,000000,369.99000,369.99000,360.00000,360.00000
SCOH,D,20050506,000000,355.59000,355.59000,341.02000,341.02000
SCOH,D,20050511,000000,349.50000,349.50000,349.50000,349.50000
SCOH,D,20050513,000000,337.00000,358.45000,335.01000,358.45000
SCOH,D,20050514,000000,342.99000,360.00000,337.01000,360.00000
SCOH,D,20050517,000000,336.02000,359.99000,336.01000,359.99000
SCOH,D,20050518,000000,346.99000,360.00000,346.99000,360.00000
SCOH,D,20050519,000000,359.98000,359.98000,359.98000,359.98000
SCOH,D,20050520,000000,360.00000,361.00000,340.00000,361.00000
SCOH,D,20050523,000000,362.99000,364.50000,362.99000,364.50000
SCOH,D,20050524,000000,364.00000,364.77000,364.00000,364.77000
SCOH,D,20050525,000000,360.00000,374.99000,357.47000,358.50000
SCOH,D,20050526,000000,364.99000,364.99000,364.99000,364.99000
SCOH,D,20050527,000000,364.99000,382.15000,364.98000,381.00000
SCOH,D,20050530,000000,370.00000,370.00000,370.00000,370.00000
SCOH,D,20050531,000000,371.00000,373.00000,371.00000,373.00000
SCOH,D,20050601,000000,379.00000,383.00000,379.00000,383.00000
SCOH,D,20050602,000000,378.00000,395.00000,378.00000,381.00000
SCOH,D,20050603,000000,380.00000,382.13000,380.00000,382.13000
SCOH,D,20050606,000000,382.13000,385.00000,376.01000,384.98000
SCOH,D,20050607,000000,382.00000,387.50000,378.00000,387.50000
SCOH,D,20050609,000000,389.00000,389.00000,389.00000,389.00000
SCOH,D,20050610,000000,395.70000,395.70000,381.00000,381.00000
SCOH,D,20050614,000000,375.00000,375.00000,375.00000,375.00000
SCOH,D,20050615,000000,375.00000,375.10000,375.00000,375.00000
SCOH,D,20050616,000000,373.04000,373.04000,370.00000,370.00000
SCOH,D,20050617,000000,374.99000,375.00000,374.99000,375.00000
SCOH,D,20050620,000000,383.00000,385.00000,383.00000,385.00000
SCOH,D,20050621,000000,385.00000,385.00000,385.00000,385.00000
SCOH,D,20050622,000000,386.00000,402.06000,386.00000,402.06000
SCOH,D,20050623,000000,422.16000,422.16000,400.00000,409.50000
SCOH,D,20050624,000000,421.78000,421.78000,421.78000,421.78000
SCOH,D,20050627,000000,420.00000,425.00000,410.00000,410.00000
SCOH,D,20050628,000000,410.00000,410.00000,410.00000,410.00000
SCOH,D,20050630,000000,409.13000,442.30000,409.13000,420.00000
SCOH,D,20050701,000000,425.00000,440.00000,425.00000,435.00000
SCOH,D,20050705,000000,426.25000,500.00000,423.00000,423.09000
SCOH,D,20050706,000000,433.00000,433.00000,433.00000,433.00000
SCOH,D,20050707,000000,428.50000,465.00000,428.50000,465.00000
SCOH,D,20050708,000000,441.00000,450.00000,425.00000,440.00000
SCOH,D,20050711,000000,453.98000,453.98000,438.00000,438.00000
SCOH,D,20050712,000000,430.00000,436.00000,430.00000,430.00000
SCOH,D,20050713,000000,440.00000,440.00000,426.00000,426.00000
SCOH,D,20050714,000000,430.00000,430.00000,430.00000,430.00000
SCOH,D,20050715,000000,430.00000,430.00000,430.00000,430.00000
SCOH,D,20050718,000000,430.00000,430.00000,430.00000,430.00000
SCOH,D,20050719,000000,430.00000,433.00000,426.50000,426.50000
SCOH,D,20050720,000000,433.00000,434.00000,430.00000,434.00000
SCOH,D,20050721,000000,430.00000,430.00000,430.00000,430.00000
SCOH,D,20050725,000000,433.00000,433.00000,431.00000,431.00000
SCOH,D,20050727,000000,430.00000,435.00000,425.51000,435.00000
SCOH,D,20050728,000000,442.00000,442.00000,442.00000,442.00000
SCOH,D,20050729,000000,440.00000,440.00000,433.00000,433.00000
SCOH,D,20050801,000000,433.00000,442.00000,433.00000,439.00000
SCOH,D,20050802,000000,433.00000,440.00000,433.00000,440.00000
SCOH,D,20050803,000000,440.00000,440.00000,440.00000,440.00000
SCOH,D,20050804,000000,445.00000,452.00000,443.00000,451.70000
SCOH,D,20050805,000000,441.00000,452.00000,441.00000,450.00000
SCOH,D,20050808,000000,453.57000,460.00000,447.00000,447.00000
SCOH,D,20050809,000000,447.00000,458.00000,444.00000,444.00000
SCOH,D,20050810,000000,444.00000,444.00000,444.00000,444.00000
SCOH,D,20050811,000000,439.96000,443.00000,431.00000,439.00000
SCOH,D,20050816,000000,435.00000,453.16000,435.00000,441.00000
SCOH,D,20050817,000000,440.00000,457.99000,440.00000,450.00000
SCOH,D,20050818,000000,440.00000,454.00000,440.00000,454.00000
SCOH,D,20050819,000000,467.18000,467.18000,449.00000,449.00000
SCOH,D,20050822,000000,461.00000,467.00000,461.00000,465.00000
SCOH,D,20050823,000000,455.00000,468.00000,455.00000,468.00000
SCOH,D,20050824,000000,481.00000,481.00000,470.00000,476.00000
SCOH,D,20050825,000000,466.57000,519.00000,465.00000,517.00000
SCOH,D,20050826,000000,512.00000,544.00000,470.00000,490.00000
SCOH,D,20050829,000000,491.00000,492.00000,477.00000,477.00000
SCOH,D,20050830,000000,480.00000,485.00000,476.00000,476.10000
SCOH,D,20050831,000000,471.00000,484.00000,470.00000,484.00000
SCOH,D,20050901,000000,483.00000,523.00000,478.00000,523.00000
SCOH,D,20050902,000000,483.00000,527.97000,483.00000,510.00000
SCOH,D,20050905,000000,501.00000,505.00000,485.00000,486.00000
SCOH,D,20050906,000000,483.94000,483.94000,481.00000,481.00000
SCOH,D,20050907,000000,486.00000,486.00000,470.00000,484.99000
SCOH,D,20050908,000000,498.50000,514.00000,498.50000,510.00000
SCOH,D,20050909,000000,515.66000,540.21000,515.66000,540.21000
SCOH,D,20050912,000000,524.00000,568.70000,511.00000,520.00000
SCOH,D,20050913,000000,525.00000,533.00000,525.00000,533.00000
SCOH,D,20050914,000000,531.00000,545.00000,530.00000,545.00000
SCOH,D,20050915,000000,536.00000,543.00000,536.00000,543.00000
SCOH,D,20050916,000000,548.40000,589.99000,548.40000,549.40000
SCOH,D,20050919,000000,590.00000,590.00000,555.00000,584.00000
SCOH,D,20050920,000000,585.81000,599.00000,575.00000,575.00000
SCOH,D,20050921,000000,595.00000,600.00000,592.50000,592.50000
SCOH,D,20050922,000000,609.00000,609.00000,590.00000,591.00000
SCOH,D,20050923,000000,600.00000,627.27000,600.00000,620.00000
SCOH,D,20050926,000000,621.00000,655.00000,605.00000,648.00000
SCOH,D,20050927,000000,667.00000,760.00000,655.00000,670.00000
SCOH,D,20050928,000000,694.00000,710.00000,655.00000,705.00000
SCOH,D,20050929,000000,705.00000,720.00000,675.00000,690.00000
SCOH,D,20050930,000000,705.00000,705.00000,680.01000,700.00000
SCOH,D,20051003,000000,700.00000,739.00000,670.00000,675.00000
SCOH,D,20051004,000000,700.15000,720.00000,642.00000,720.00000
SCOH,D,20051005,000000,695.00000,730.00000,690.00000,700.00000
SCOH,D,20051006,000000,685.00000,685.00000,621.25000,640.00000
SCOH,D,20051007,000000,650.00000,676.00000,637.01000,650.00000
SCOH,D,20051010,000000,651.00000,655.00000,632.00000,635.55000
SCOH,D,20051011,000000,644.00000,644.00000,601.00000,615.00000
SCOH,D,20051012,000000,644.00000,644.00000,616.11000,621.00000
SCOH,D,20051013,000000,611.10000,630.00000,608.00000,627.99000
SCOH,D,20051014,000000,644.99000,644.99000,600.00000,625.00000
SCOH,D,20051017,000000,646.00000,646.00000,619.00000,619.00000
SCOH,D,20051018,000000,640.95000,640.95000,638.99000,638.99000
SCOH,D,20051019,000000,626.00000,631.70000,570.00000,601.00000
SCOH,D,20051021,000000,630.00000,630.00000,571.00000,571.00000
SCOH,D,20051024,000000,585.00000,626.00000,585.00000,587.01000
SCOH,D,20051025,000000,624.95000,625.00000,605.00000,619.00000
SCOH,D,20051026,000000,625.00000,625.00000,610.00000,620.00000
SCOH,D,20051027,000000,610.00000,619.00000,610.00000,618.00000
SCOH,D,20051028,000000,630.00000,630.00000,622.00000,629.50000
SCOH,D,20051031,000000,615.00000,679.98000,615.00000,624.00000
SCOH,D,20051101,000000,630.00000,630.00000,630.00000,630.00000
SCOH,D,20051102,000000,640.00000,670.00000,640.00000,670.00000
SCOH,D,20051103,000000,670.00000,742.00000,670.00000,735.00000
SCOH,D,20051107,000000,720.00000,765.07000,720.00000,751.00000
SCOH,D,20051108,000000,767.17000,779.00000,760.00000,779.00000
SCOH,D,20051109,000000,784.16000,785.00000,755.00000,780.00000
SCOH,D,20051110,000000,765.00000,770.00000,740.00000,750.00000
SCOH,D,20051111,000000,778.00000,800.00000,760.00000,793.00000
SCOH,D,20051114,000000,807.00000,836.00000,790.00000,836.00000
SCOH,D,20051115,000000,795.01000,840.00000,776.00000,776.00000
SCOH,D,20051116,000000,789.00000,789.00000,772.00000,789.00000
SCOH,D,20051117,000000,790.00000,804.94000,770.00000,770.00000
SCOH,D,20051118,000000,768.07000,768.07000,740.00000,758.00000
SCOH,D,20051121,000000,737.00000,785.00000,737.00000,765.00000
SCOH,D,20051122,000000,766.00000,766.00000,700.00000,761.00000
SCOH,D,20051123,000000,745.00000,750.00000,720.00000,750.00000
SCOH,D,20051124,000000,750.00000,750.00000,749.00000,750.00000
SCOH,D,20051125,000000,742.00000,755.00000,740.00000,755.00000
SCOH,D,20051128,000000,750.00000,750.00000,740.00000,740.00000
SCOH,D,20051129,000000,740.00000,740.00000,725.01000,725.01000
SCOH,D,20051130,000000,739.00000,745.00000,729.00000,729.00000
SCOH,D,20051201,000000,725.10000,743.14000,720.00000,743.14000
SCOH,D,20051202,000000,750.00000,798.00000,745.00000,777.00000
SCOH,D,20051205,000000,790.00000,795.00000,775.00000,785.00000
SCOH,D,20051206,000000,785.00000,785.00000,758.00000,779.00000
SCOH,D,20051207,000000,766.00000,784.89000,760.00000,780.00000
SCOH,D,20051208,000000,765.00000,789.99000,765.00000,788.99000
SCOH,D,20051209,000000,787.99000,787.99000,725.00000,726.00000
SCOH,D,20051212,000000,735.00000,739.00000,721.00000,725.50000
SCOH,D,20051213,000000,720.00000,736.00000,710.00000,727.99000
SCOH,D,20051214,000000,713.10000,725.00000,713.10000,720.00000
SCOH,D,20051215,000000,720.00000,725.00000,711.00000,715.00000
SCOH,D,20051216,000000,719.98000,728.30000,713.20000,717.50000
SCOH,D,20051219,000000,716.00000,725.00000,700.00000,725.00000
SCOH,D,20051220,000000,727.00000,728.00000,720.00000,722.00000
SCOH,D,20051221,000000,720.00000,720.00000,720.00000,720.00000
SCOH,D,20051222,000000,720.00000,732.00000,715.00000,726.00000
SCOH,D,20051223,000000,724.00000,727.00000,720.00000,725.00000
SCOH,D,20051226,000000,720.00000,728.00000,716.50000,716.50000
SCOH,D,20051227,000000,722.00000,735.00000,718.00000,735.00000
SCOH,D,20051228,000000,729.00000,729.00000,720.00000,720.00000
SCOH,D,20051229,000000,720.00000,730.00000,662.00000,662.00000
SCOH,D,20051230,000000,665.00000,700.00000,661.00000,696.00000
SCOH,D,20060110,000000,696.00000,718.00000,670.00000,714.90000
SCOH,D,20060111,000000,715.00000,729.90000,706.00000,725.00000
SCOH,D,20060112,000000,728.00000,748.00000,710.10000,744.00000
SCOH,D,20060113,000000,721.01000,735.00000,716.10000,727.00000
SCOH,D,20060116,000000,729.00000,740.00000,710.00000,740.00000
SCOH,D,20060117,000000,740.00000,742.00000,715.01000,735.00000
SCOH,D,20060118,000000,715.00000,735.00000,705.00000,735.00000
SCOH,D,20060119,000000,735.00000,765.35000,720.00000,740.00000
SCOH,D,20060120,000000,739.00000,740.00000,721.00000,721.00000
SCOH,D,20060123,000000,735.00000,735.00000,715.00000,726.00000
SCOH,D,20060124,000000,721.00000,734.99000,717.10000,727.00000
SCOH,D,20060125,000000,737.88000,737.88000,723.00000,729.90000
SCOH,D,20060126,000000,734.00000,740.00000,716.10000,740.00000
SCOH,D,20060127,000000,737.00000,799.00000,737.00000,770.00000
SCOH,D,20060130,000000,755.00000,755.00000,715.00000,715.00000
SCOH,D,20060131,000000,715.01000,725.00000,715.00000,720.00000
SCOH,D,20060201,000000,728.00000,730.00000,721.00000,730.00000
SCOH,D,20060202,000000,735.00000,740.00000,730.00000,731.00000
SCOH,D,20060203,000000,728.75000,731.00000,725.00000,725.00000
SCOH,D,20060206,000000,720.00000,733.90000,714.00000,715.01000
SCOH,D,20060207,000000,724.99000,730.00000,724.99000,730.00000
SCOH,D,20060208,000000,720.00000,724.00000,715.00000,721.89000
SCOH,D,20060209,000000,718.00000,719.99000,710.10000,716.00000
SCOH,D,20060210,000000,718.00000,718.00000,710.00000,715.00000
SCOH,D,20060213,000000,715.00000,720.00000,710.00000,720.00000
SCOH,D,20060214,000000,716.00000,716.00000,710.00000,715.45000
SCOH,D,20060215,000000,711.00000,717.00000,707.01000,717.00000
SCOH,D,20060216,000000,712.00000,712.00000,705.10000,710.00000
SCOH,D,20060217,000000,710.00000,714.20000,708.00000,714.00000
SCOH,D,20060220,000000,719.00000,721.00000,705.00000,705.00000
SCOH,D,20060221,000000,710.00000,710.00000,703.00000,710.00000
SCOH,D,20060222,000000,710.00000,710.00000,702.10000,705.00000
SCOH,D,20060226,000000,704.00000,714.00000,704.00000,710.00000
SCOH,D,20060227,000000,706.00000,720.00000,701.00000,712.00000
SCOH,D,20060228,000000,710.00000,710.00000,703.00000,707.99000
SCOH,D,20060301,000000,704.00000,706.94000,700.02000,706.00000
SCOH,D,20060302,000000,713.50000,713.95000,706.01000,706.01000
SCOH,D,20060303,000000,706.50000,739.00000,700.14000,722.99000
SCOH,D,20060306,000000,717.00000,717.00000,710.00000,714.00000
SCOH,D,20060307,000000,719.00000,719.00000,700.00000,712.00000
SCOH,D,20060309,000000,701.00000,712.00000,695.00000,695.00000
SCOH,D,20060310,000000,700.00000,700.00000,690.00000,695.00000
SCOH,D,20060313,000000,700.00000,708.89000,700.00000,708.50000
SCOH,D,20060314,000000,709.99000,709.99000,690.01000,696.90000
SCOH,D,20060315,000000,704.90000,704.90000,704.48000,704.48000
SCOH,D,20060316,000000,703.00000,717.50000,695.00000,715.00000
SCOH,D,20060317,000000,710.00000,725.00000,700.00000,700.00000
SCOH,D,20060320,000000,713.00000,715.00000,704.00000,715.00000
SCOH,D,20060321,000000,717.90000,718.00000,710.00000,717.00000
SCOH,D,20060322,000000,705.00000,714.80000,681.00000,699.98000
SCOH,D,20060323,000000,704.00000,712.70000,704.00000,708.00000
SCOH,D,20060324,000000,705.00000,713.00000,696.00000,712.99000
SCOH,D,20060327,000000,712.99000,712.99000,685.00000,699.00000
SCOH,D,20060328,000000,698.00000,700.00000,690.21000,700.00000
SCOH,D,20060329,000000,706.50000,708.20000,685.00000,705.00000
SCOH,D,20060330,000000,704.99000,704.99000,692.00000,704.99000
SCOH,D,20060331,000000,705.00000,711.99000,705.00000,711.99000
SCOH,D,20060403,000000,711.00000,711.00000,700.01000,708.50000
SCOH,D,20060404,000000,700.03000,712.00000,695.01000,699.99000
SCOH,D,20060405,000000,699.00000,699.00000,680.00000,688.00000
SCOH,D,20060406,000000,690.00000,691.00000,663.40000,671.00000
SCOH,D,20060407,000000,671.00000,671.00000,635.00000,669.50000
SCOH,D,20060410,000000,669.50000,685.00000,662.00000,685.00000
SCOH,D,20060411,000000,685.00000,685.00000,660.00000,670.00000
SCOH,D,20060412,000000,660.20000,678.90000,660.20000,678.90000
SCOH,D,20060413,000000,679.99000,688.89000,670.00000,688.89000
SCOH,D,20060414,000000,688.89000,690.00000,680.00000,690.00000
SCOH,D,20060417,000000,672.10000,689.00000,672.10000,675.00000
SCOH,D,20060418,000000,670.00000,675.00000,669.50000,670.00000
SCOH,D,20060419,000000,670.00000,680.00000,666.02000,680.00000
SCOH,D,20060420,000000,670.00000,675.00000,650.00000,670.00000
SCOH,D,20060421,000000,679.00000,679.00000,662.04000,672.00000
SCOH,D,20060424,000000,665.20000,685.00000,665.20000,667.00000
SCOH,D,20060425,000000,684.99000,690.00000,661.01000,690.00000
SCOH,D,20060426,000000,668.00000,702.00000,668.00000,700.00000
SCOH,D,20060427,000000,700.11000,713.98000,675.05000,680.00000
SCOH,D,20060428,000000,680.00000,712.00000,680.00000,702.00000
SCOH,D,20060502,000000,703.00000,707.00000,702.00000,706.99000
SCOH,D,20060503,000000,704.99000,707.00000,695.00000,700.00000
SCOH,D,20060504,000000,690.00000,704.99000,690.00000,690.00000
SCOH,D,20060505,000000,700.00000,700.00000,680.02000,689.00000
SCOH,D,20060506,000000,700.00000,700.00000,699.50000,699.86000
SCOH,D,20060510,000000,702.30000,704.99000,671.00000,704.99000
SCOH,D,20060511,000000,680.00000,705.00000,680.00000,697.99000
SCOH,D,20060512,000000,683.00000,694.90000,682.00000,694.90000
SCOH,D,20060515,000000,694.00000,694.00000,677.00000,685.00000
SCOH,D,20060516,000000,680.00000,680.00000,655.00000,655.00000
SCOH,D,20060517,000000,660.00000,684.74000,621.01000,679.90000
SCOH,D,20060518,000000,660.00000,660.00000,660.00000,660.00000
SCOH,D,20060519,000000,681.00000,686.99000,641.11000,650.00000
SCOH,D,20060522,000000,650.00000,650.00000,610.01000,630.00000
SCOH,D,20060523,000000,650.00000,654.00000,610.01000,626.00000
SCOH,D,20060524,000000,644.44000,644.44000,584.00000,600.00000
SCOH,D,20060525,000000,604.44000,609.00000,575.00000,606.90000
SCOH,D,20060526,000000,600.00000,642.86000,600.00000,620.00000
SCOH,D,20060529,000000,620.00000,637.50000,580.00000,596.00000
SCOH,D,20060530,000000,591.00000,595.05000,591.00000,595.02000
SCOH,D,20060531,000000,600.00000,615.00000,596.00000,615.00000
SCOH,D,20060601,000000,624.00000,625.00000,624.00000,625.00000
SCOH,D,20060602,000000,605.00000,634.00000,584.00000,634.00000
SCOH,D,20060605,000000,634.00000,637.00000,634.00000,635.00000
SCOH,D,20060606,000000,605.00000,625.00000,605.00000,625.00000
SCOH,D,20060607,000000,585.00000,600.01000,585.00000,600.01000
SCOH,D,20060608,000000,610.00000,610.00000,610.00000,610.00000
SCOH,D,20060609,000000,600.00000,625.00000,575.00000,620.00000
SCOH,D,20060613,000000,610.00000,610.00000,500.00000,515.00000
SCOH,D,20060614,000000,460.00000,546.00000,460.00000,515.00000
SCOH,D,20060615,000000,520.00000,545.00000,515.00000,545.00000
SCOH,D,20060616,000000,530.00000,540.00000,505.00000,505.00000
SCOH,D,20060619,000000,520.00000,579.00000,520.00000,560.00000
SCOH,D,20060620,000000,570.00000,571.00000,545.00000,560.00000
SCOH,D,20060621,000000,579.00000,598.00000,575.00000,590.00000
SCOH,D,20060622,000000,600.00000,600.00000,530.00000,565.00000
SCOH,D,20060623,000000,530.00000,530.00000,485.02000,510.00000
SCOH,D,20060626,000000,500.00000,505.00000,493.00000,495.00000
SCOH,D,20060627,000000,499.98000,499.98000,483.00000,483.00000
SCOH,D,20060628,000000,483.00000,490.00000,481.00000,488.10000
SCOH,D,20060629,000000,490.00000,497.00000,480.11000,490.00000
SCOH,D,20060630,000000,490.00000,505.00000,488.00000,497.00000
SCOH,D,20060703,000000,500.00000,508.94000,497.00000,508.94000
SCOH,D,20060704,000000,508.90000,575.00000,508.90000,551.00000
SCOH,D,20060705,000000,551.00000,570.00000,551.00000,560.00000
SCOH,D,20060706,000000,550.00000,570.00000,515.00000,556.01000
SCOH,D,20060707,000000,562.99000,573.00000,552.03000,564.00000
SCOH,D,20060710,000000,553.00000,553.00000,552.24000,552.24000
SCOH,D,20060711,000000,552.00000,565.00000,552.00000,563.00000
SCOH,D,20060712,000000,570.00000,580.00000,556.00000,568.00000
SCOH,D,20060713,000000,552.00000,574.00000,551.00000,560.00000
SCOH,D,20060714,000000,558.97000,569.00000,558.97000,569.00000
SCOH,D,20060717,000000,573.00000,574.00000,550.00000,557.31000
SCOH,D,20060718,000000,552.00000,557.00000,550.00000,550.00000
SCOH,D,20060719,000000,559.97000,563.00000,550.00000,550.00000
SCOH,D,20060720,000000,558.00000,575.00000,555.00000,555.00000
SCOH,D,20060721,000000,555.00000,555.00000,550.01000,550.01000
SCOH,D,20060724,000000,545.00000,549.99000,545.00000,549.99000
SCOH,D,20060725,000000,555.00000,562.00000,550.00000,562.00000
SCOH,D,20060726,000000,563.00000,569.50000,557.00000,560.00000
SCOH,D,20060727,000000,569.00000,600.00000,569.00000,600.00000
SCOH,D,20060728,000000,582.01000,600.00000,582.01000,595.00000
SCOH,D,20060731,000000,598.00000,598.00000,582.00000,585.00000
SCOH,D,20060801,000000,595.00000,624.55000,580.00000,590.00000
SCOH,D,20060802,000000,589.00000,610.00000,580.00000,610.00000
SCOH,D,20060803,000000,600.00000,602.00000,590.00000,594.00000
SCOH,D,20060804,000000,593.00000,600.00000,593.00000,600.00000
SCOH,D,20060807,000000,580.00000,598.94000,580.00000,594.00000
SCOH,D,20060808,000000,590.00000,605.00000,590.00000,590.01000
SCOH,D,20060809,000000,593.01000,605.00000,593.00000,602.00000
SCOH,D,20060810,000000,590.00000,597.40000,590.00000,592.70000
SCOH,D,20060811,000000,590.00000,601.00000,590.00000,601.00000
SCOH,D,20060814,000000,590.00000,591.01000,585.01000,591.01000
SCOH,D,20060815,000000,598.00000,641.00000,585.00000,600.00000
SCOH,D,20060816,000000,601.00000,604.00000,595.00000,602.50000
SCOH,D,20060817,000000,602.50000,610.00000,602.50000,610.00000
SCOH,D,20060818,000000,620.00000,634.00000,610.00000,625.00000
SCOH,D,20060821,000000,629.00000,630.00000,612.00000,612.00000
SCOH,D,20060822,000000,622.00000,622.00000,619.00000,619.10000
SCOH,D,20060823,000000,622.24000,628.00000,615.00000,627.00000
SCOH,D,20060824,000000,625.80000,640.00000,618.00000,618.00000
SCOH,D,20060825,000000,634.00000,634.00000,622.00000,624.00000
SCOH,D,20060828,000000,640.00000,642.87000,630.00000,642.87000
SCOH,D,20060829,000000,642.53000,670.00000,630.00000,635.00000
SCOH,D,20060830,000000,649.00000,649.00000,631.00000,639.89000
SCOH,D,20060831,000000,640.00000,641.97000,600.00000,614.01000
SCOH,D,20060901,000000,610.00000,610.00000,600.00000,601.00000
SCOH,D,20060904,000000,610.00000,612.00000,601.20000,612.00000
SCOH,D,20060905,000000,605.00000,618.75000,601.20000,618.75000
SCOH,D,20060906,000000,617.00000,635.00000,607.00000,635.00000
SCOH,D,20060907,000000,618.00000,631.20000,601.00000,631.20000
SCOH,D,20060908,000000,625.00000,625.00000,613.01000,620.00000
SCOH,D,20060911,000000,612.01000,629.97000,600.00000,608.00000
SCOH,D,20060912,000000,614.00000,625.00000,595.00000,595.26000
SCOH,D,20060913,000000,600.00000,604.00000,599.00000,601.00000
SCOH,D,20060914,000000,604.00000,625.00000,604.00000,609.98000
SCOH,D,20060915,000000,609.01000,611.00000,605.00000,610.00000
SCOH,D,20060918,000000,620.00000,628.00000,610.00000,628.00000
SCOH,D,20060919,000000,626.43000,634.90000,623.00000,633.75000
SCOH,D,20060920,000000,627.00000,635.00000,623.00000,635.00000
SCOH,D,20060921,000000,636.00000,655.00000,635.10000,640.00000
SCOH,D,20060922,000000,640.00000,650.00000,625.00000,630.00000
SCOH,D,20060925,000000,626.99000,637.34000,610.04000,637.34000
SCOH,D,20060926,000000,629.37000,719.00000,611.00000,612.01000
SCOH,D,20060927,000000,610.50000,617.00000,590.00000,593.00000
SCOH,D,20060928,000000,600.00000,604.90000,589.00000,599.80000
SCOH,D,20060929,000000,599.00000,600.00000,590.00000,595.00000
SCOH,D,20061002,000000,594.99000,595.00000,590.00000,590.00000
SCOH,D,20061003,000000,592.93000,595.00000,585.00000,589.99000
SCOH,D,20061004,000000,585.00000,587.95000,585.00000,587.95000
SCOH,D,20061005,000000,589.99000,610.00000,588.50000,590.00000
SCOH,D,20061006,000000,590.01000,594.69000,579.68000,592.97000
SCOH,D,20061009,000000,593.01000,598.00000,585.00000,596.50000
SCOH,D,20061010,000000,591.01000,618.00000,591.01000,613.90000
SCOH,D,20061011,000000,617.00000,630.00000,609.00000,625.00000
SCOH,D,20061012,000000,625.00000,662.00000,625.00000,659.00000
SCOH,D,20061013,000000,660.00000,693.70000,654.90000,680.00000
SCOH,D,20061016,000000,681.36000,690.00000,670.00000,673.00000
SCOH,D,20061017,000000,675.01000,700.00000,673.50000,684.00000
SCOH,D,20061018,000000,684.00000,709.99000,680.00000,707.00000
SCOH,D,20061019,000000,708.00000,720.00000,690.00000,714.00000
SCOH,D,20061020,000000,710.00000,724.01000,709.99000,715.00000
SCOH,D,20061023,000000,710.00000,735.00000,709.00000,730.00000
SCOH,D,20061024,000000,733.00000,735.00000,721.00000,730.00000
SCOH,D,20061025,000000,738.00000,738.00000,730.00000,733.50000
SCOH,D,20061026,000000,734.00000,736.77000,730.00000,734.50000
SCOH,D,20061027,000000,728.04000,733.00000,665.00000,729.00000
SCOH,D,20061030,000000,725.00000,728.00000,701.00000,709.50000
SCOH,D,20061031,000000,705.49000,722.01000,695.00000,699.00000
SCOH,D,20061101,000000,696.10000,701.01000,690.00000,691.00000
SCOH,D,20061102,000000,699.00000,699.60000,690.51000,691.00000
SCOH,D,20061103,000000,693.01000,699.99000,693.00000,699.99000
SCOH,D,20061107,000000,695.00000,703.00000,684.88000,703.00000
SCOH,D,20061108,000000,695.10000,702.99000,686.01000,690.00000
SCOH,D,20061109,000000,689.90000,698.00000,686.60000,687.00000
SCOH,D,20061110,000000,686.58000,689.99000,670.00000,680.00000
SCOH,D,20061113,000000,680.00000,680.00000,673.50000,675.00000
SCOH,D,20061114,000000,673.51000,677.00000,665.51000,669.00000
SCOH,D,20061115,000000,667.00000,675.00000,664.21000,664.21000
SCOH,D,20061116,000000,660.00000,666.00000,635.90000,665.35000
SCOH,D,20061117,000000,665.00000,667.90000,656.05000,667.90000
SCOH,D,20061120,000000,669.63000,700.00000,669.63000,687.00000
SCOH,D,20061121,000000,680.00000,685.00000,667.00000,674.99000
SCOH,D,20061122,000000,676.00000,695.00000,676.00000,693.80000
SCOH,D,20061123,000000,695.00000,718.90000,690.00000,717.00000
SCOH,D,20061124,000000,711.00000,720.00000,704.00000,708.05000
SCOH,D,20061127,000000,705.00000,709.97000,699.99000,705.11000
SCOH,D,20061128,000000,705.00000,705.11000,692.00000,701.04000
SCOH,D,20061129,000000,700.00000,705.00000,700.00000,704.77000
SCOH,D,20061130,000000,700.00000,706.00000,699.00000,702.25000
SCOH,D,20061201,000000,700.00000,705.00000,695.00000,703.49000
SCOH,D,20061204,000000,700.00000,706.90000,698.00000,698.00000
SCOH,D,20061205,000000,699.97000,699.97000,685.01000,686.00000
SCOH,D,20061206,000000,685.00000,690.00000,679.13000,683.00000
SCOH,D,20061207,000000,680.00000,699.88000,679.00000,685.00000
SCOH,D,20061208,000000,680.06000,694.88000,680.06000,686.00000
SCOH,D,20061211,000000,684.99000,685.00000,680.00000,683.00000
SCOH,D,20061212,000000,683.00000,687.00000,670.23000,677.00000
SCOH,D,20061213,000000,676.00000,676.00000,665.00000,671.01000
SCOH,D,20061214,000000,675.00000,675.00000,670.06000,675.00000
SCOH,D,20061215,000000,672.01000,676.00000,672.01000,675.00000
SCOH,D,20061218,000000,675.00000,677.00000,669.00000,669.61000
SCOH,D,20061219,000000,670.50000,672.00000,663.01000,669.00000
SCOH,D,20061220,000000,669.00000,679.70000,669.00000,679.70000
SCOH,D,20061221,000000,675.00000,676.00000,665.01000,676.00000
SCOH,D,20061222,000000,666.99000,679.00000,666.99000,678.59000
SCOH,D,20061225,000000,679.97000,686.98000,675.75000,686.98000
SCOH,D,20061226,000000,686.98000,686.98000,680.00000,685.00000
SCOH,D,20061227,000000,685.00000,700.00000,680.00000,699.99000
SCOH,D,20061228,000000,696.00000,705.00000,696.00000,702.00000
SCOH,D,20061229,000000,708.00000,708.00000,698.01000,708.00000
SCOH,D,20070109,000000,700.00000,710.00000,693.00000,697.00000
SCOH,D,20070110,000000,694.00000,699.00000,692.87000,693.50000
SCOH,D,20070111,000000,686.57000,704.00000,686.56000,702.00000
SCOH,D,20070112,000000,700.00000,701.99000,695.00000,696.10000
SCOH,D,20070115,000000,700.00000,703.00000,693.00000,697.00000
SCOH,D,20070116,000000,696.00000,701.00000,692.00000,697.00000
SCOH,D,20070117,000000,698.00000,698.00000,686.50000,698.00000
SCOH,D,20070118,000000,699.99000,750.00000,692.00000,716.00000
SCOH,D,20070119,000000,716.00000,720.00000,701.50000,713.00000
SCOH,D,20070122,000000,713.37000,714.00000,700.00000,702.11000
SCOH,D,20070123,000000,700.00000,704.99000,684.00000,695.01000
SCOH,D,20070124,000000,695.00000,702.95000,690.01000,692.00000
SCOH,D,20070125,000000,692.00000,698.97000,675.00000,687.50000
SCOH,D,20070126,000000,686.01000,694.00000,678.01000,686.99000
SCOH,D,20070129,000000,700.00000,700.00000,671.00000,677.02000
SCOH,D,20070130,000000,677.00000,685.00000,676.50000,684.00000
SCOH,D,20070131,000000,688.93000,695.00000,676.00000,688.00000
SCOH,D,20070201,000000,688.01000,693.10000,681.00000,684.00000
SCOH,D,20070202,000000,684.02000,688.00000,678.48000,682.00000
SCOH,D,20070205,000000,690.00000,692.00000,680.03000,680.03000
SCOH,D,20070206,000000,689.89000,700.00000,689.01000,693.00000
SCOH,D,20070207,000000,695.00000,717.00000,695.00000,707.99000
SCOH,D,20070208,000000,708.00000,710.00000,694.00000,704.00000
SCOH,D,20070209,000000,704.50000,704.50000,700.00000,703.00000
SCOH,D,20070212,000000,707.00000,707.00000,696.00000,703.00000
SCOH,D,20070213,000000,699.00000,703.00000,694.00000,697.00000
SCOH,D,20070214,000000,700.00000,701.00000,695.00000,697.50000
SCOH,D,20070215,000000,697.00000,700.00000,693.01000,695.12000
SCOH,D,20070216,000000,698.50000,744.98000,695.00000,739.89000
SCOH,D,20070219,000000,740.00000,749.88000,732.00000,740.45000
SCOH,D,20070220,000000,740.50000,740.53000,727.00000,730.00000
SCOH,D,20070221,000000,738.00000,738.00000,723.11000,732.00000
SCOH,D,20070222,000000,734.00000,734.00000,725.01000,728.11000
SCOH,D,20070226,000000,729.00000,744.00000,722.00000,739.00000
SCOH,D,20070227,000000,734.00000,734.00000,722.20000,725.00000
SCOH,D,20070228,000000,707.00000,711.50000,675.00000,706.99000
SCOH,D,20070301,000000,710.00000,710.00000,688.03000,696.00000
SCOH,D,20070302,000000,696.00000,702.00000,667.00000,670.00000
SCOH,D,20070305,000000,660.00000,660.00000,630.00000,650.00000
SCOH,D,20070306,000000,648.00000,670.00000,648.00000,660.00000
SCOH,D,20070307,000000,661.03000,677.00000,655.00000,660.00000
SCOH,D,20070309,000000,665.00000,670.01000,658.00000,666.90000
SCOH,D,20070312,000000,670.00000,707.00000,664.00000,695.00000
SCOH,D,20070313,000000,709.00000,725.00000,702.01000,715.00000
SCOH,D,20070314,000000,690.00000,711.11000,650.00000,700.00000
SCOH,D,20070315,000000,702.00000,710.00000,692.92000,700.01000
SCOH,D,20070316,000000,699.99000,705.00000,686.01000,691.10000
SCOH,D,20070319,000000,696.00000,708.99000,692.00000,700.00000
SCOH,D,20070320,000000,703.37000,719.00000,700.00000,715.00000
SCOH,D,20070321,000000,712.00000,735.00000,711.00000,717.99000
SCOH,D,20070322,000000,722.00000,726.00000,716.00000,724.00000
SCOH,D,20070323,000000,725.00000,739.00000,719.27000,728.20000
SCOH,D,20070326,000000,747.49000,747.49000,730.00000,740.00000
SCOH,D,20070327,000000,736.00000,740.00000,730.00000,735.00000
SCOH,D,20070328,000000,737.00000,748.50000,737.00000,747.49000
SCOH,D,20070329,000000,750.00000,750.00000,737.11000,742.50000
SCOH,D,20070330,000000,750.00000,750.00000,740.00000,743.00000
SCOH,D,20070402,000000,743.00000,749.99000,741.00000,746.00000
SCOH,D,20070403,000000,741.03000,747.00000,735.00000,740.01000
SCOH,D,20070404,000000,740.02000,745.00000,735.13000,741.00000
SCOH,D,20070405,000000,744.00000,748.00000,590.00000,744.99000
SCOH,D,20070406,000000,744.50000,746.99000,735.00000,746.99000
SCOH,D,20070409,000000,743.74000,753.00000,740.02000,751.00000
SCOH,D,20070410,000000,744.06000,752.00000,744.00000,751.40000
SCOH,D,20070411,000000,751.00000,756.98000,751.00000,756.98000
SCOH,D,20070412,000000,755.99000,756.99000,750.00000,750.00000
SCOH,D,20070413,000000,750.01000,767.50000,740.03000,767.50000
SCOH,D,20070416,000000,769.99000,770.00000,753.00000,762.00000
SCOH,D,20070417,000000,765.00000,765.00000,754.99000,755.00000
SCOH,D,20070418,000000,753.05000,756.00000,751.01000,753.00000
SCOH,D,20070419,000000,750.01000,750.01000,712.00000,736.10000
SCOH,D,20070420,000000,742.99000,750.00000,736.00000,746.01000
SCOH,D,20070423,000000,740.20000,765.00000,740.20000,749.99000
SCOH,D,20070424,000000,750.00000,754.90000,743.02000,749.90000
SCOH,D,20070425,000000,756.01000,756.01000,738.00000,751.00000
SCOH,D,20070426,000000,750.00000,750.00000,733.10000,734.70000
SCOH,D,20070427,000000,736.03000,743.99000,733.10000,733.10000
SCOH,D,20070428,000000,740.00000,741.00000,735.00000,741.00000
SCOH,D,20070502,000000,732.33000,743.80000,731.31000,741.00000
SCOH,D,20070503,000000,741.00000,750.00000,737.00000,742.01000
SCOH,D,20070504,000000,747.00000,755.00000,747.00000,752.00000
SCOH,D,20070507,000000,751.99000,759.99000,750.00000,750.01000
SCOH,D,20070508,000000,748.00000,757.00000,740.06000,752.50000
SCOH,D,20070510,000000,759.96000,798.00000,750.01000,752.00000
SCOH,D,20070511,000000,745.11000,759.99000,745.10000,756.00000
SCOH,D,20070514,000000,760.00000,765.00000,750.05000,760.00000
SCOH,D,20070515,000000,752.01000,760.00000,752.01000,756.00000
SCOH,D,20070516,000000,751.00000,758.00000,751.00000,753.52000
SCOH,D,20070517,000000,753.63000,758.00000,750.40000,750.40000
SCOH,D,20070518,000000,750.41000,752.97000,750.00000,752.97000
SCOH,D,20070521,000000,750.00000,755.37000,747.00000,754.99000
SCOH,D,20070522,000000,753.00000,760.00000,749.00000,750.00000
SCOH,D,20070523,000000,751.99000,752.00000,676.86000,735.12000
SCOH,D,20070524,000000,741.00000,799.00000,710.00000,735.09000
SCOH,D,20070525,000000,725.01000,735.00000,725.00000,728.00000
SCOH,D,20070528,000000,727.01000,733.37000,720.00000,731.00000
SCOH,D,20070529,000000,730.00000,731.00000,700.07000,701.00000
SCOH,D,20070530,000000,680.00000,711.00000,680.00000,702.00000
SCOH,D,20070531,000000,702.00000,716.48000,702.00000,710.00000
SCOH,D,20070601,000000,705.10000,730.00000,685.10000,720.00000
SCOH,D,20070604,000000,713.02000,718.00000,689.00000,689.09000
SCOH,D,20070605,000000,688.00000,701.00000,687.80000,687.80000
SCOH,D,20070606,000000,691.10000,695.50000,677.07000,692.00000
SCOH,D,20070607,000000,693.00000,700.00000,686.34000,690.00000
SCOH,D,20070608,000000,681.00000,693.99000,680.00000,690.00000
SCOH,D,20070609,000000,690.00000,697.00000,690.00000,696.90000
SCOH,D,20070613,000000,693.00000,698.00000,684.99000,690.00000
SCOH,D,20070614,000000,691.00000,693.00000,676.00000,679.00000
SCOH,D,20070615,000000,678.00000,679.00000,668.00000,668.00000
SCOH,D,20070618,000000,671.00000,672.00000,666.00000,666.00000
SCOH,D,20070619,000000,661.00000,675.00000,651.00000,670.00000
SCOH,D,20070620,000000,672.00000,696.60000,672.00000,692.50000
SCOH,D,20070621,000000,693.94000,696.00000,672.03000,676.75000
SCOH,D,20070622,000000,680.00000,685.01000,650.10000,675.00000
SCOH,D,20070625,000000,670.00000,690.00000,670.00000,680.00000
SCOH,D,20070626,000000,683.99000,684.00000,672.51000,675.00000
SCOH,D,20070627,000000,680.00000,688.98000,671.00000,684.81000
SCOH,D,20070628,000000,685.00000,690.00000,682.00000,689.41000
SCOH,D,20070629,000000,682.00000,692.52000,670.00000,690.00000
SCOH,D,20070702,000000,690.00000,705.00000,690.00000,700.00000
SCOH,D,20070703,000000,695.13000,707.00000,689.04000,691.00000
SCOH,D,20070704,000000,699.99000,699.99000,663.00000,675.75000
SCOH,D,20070705,000000,676.00000,678.73000,662.23000,674.00000
SCOH,D,20070706,000000,674.00000,674.00000,670.00000,672.00000
SCOH,D,20070709,000000,670.21000,689.50000,669.99000,682.01000
SCOH,D,20070710,000000,677.42000,698.00000,672.54000,675.00000
SCOH,D,20070711,000000,676.99000,694.00000,673.02000,682.20000
SCOH,D,20070712,000000,685.99000,689.85000,682.00000,687.00000
SCOH,D,20070713,000000,688.00000,695.00000,683.01000,685.99000
SCOH,D,20070716,000000,689.85000,690.01000,667.12000,670.00000
SCOH,D,20070717,000000,670.00000,675.00000,667.04000,670.00000
SCOH,D,20070718,000000,673.89000,673.89000,665.60000,667.00000
SCOH,D,20070719,000000,684.00000,720.00000,682.60000,702.02000
SCOH,D,20070720,000000,706.98000,710.00000,691.11000,694.80000
SCOH,D,20070723,000000,691.87000,699.00000,690.00000,693.00000
SCOH,D,20070724,000000,689.04000,693.00000,677.50000,677.50000
SCOH,D,20070725,000000,677.50000,678.99000,665.00000,671.00000
SCOH,D,20070726,000000,671.01000,676.75000,660.00000,664.99000
SCOH,D,20070727,000000,657.10000,663.00000,637.00000,647.50000
SCOH,D,20070730,000000,650.00000,660.00000,646.00000,654.00000
SCOH,D,20070731,000000,657.00000,661.00000,654.00000,660.00000
SCOH,D,20070801,000000,645.10000,659.89000,640.18000,654.99000
SCOH,D,20070802,000000,657.00000,665.00000,656.00000,663.00000
SCOH,D,20070803,000000,665.00000,670.00000,661.11000,666.90000
SCOH,D,20070806,000000,661.00000,661.00000,645.04000,655.00000
SCOH,D,20070807,000000,656.00000,656.00000,650.00000,651.05000
SCOH,D,20070808,000000,651.50000,663.00000,651.00000,663.00000
SCOH,D,20070809,000000,662.99000,663.00000,640.05000,641.00000
SCOH,D,20070810,000000,640.00000,643.00000,635.00000,643.00000
SCOH,D,20070813,000000,635.36000,650.00000,635.36000,649.80000
SCOH,D,20070814,000000,645.00000,654.00000,645.00000,654.00000
SCOH,D,20070815,000000,645.00000,653.00000,641.00000,649.98000
SCOH,D,20070816,000000,649.00000,649.00000,615.01000,644.00000
SCOH,D,20070817,000000,641.01000,644.95000,625.06000,638.50000
SCOH,D,20070820,000000,645.00000,648.73000,639.20000,646.00000
SCOH,D,20070821,000000,648.49000,650.00000,640.00000,644.00000
SCOH,D,20070822,000000,645.00000,648.00000,642.00000,644.01000
SCOH,D,20070823,000000,649.99000,651.00000,638.01000,650.00000
SCOH,D,20070824,000000,645.00000,651.00000,645.00000,646.00000
SCOH,D,20070827,000000,654.99000,658.00000,640.11000,649.96000
SCOH,D,20070828,000000,645.00000,648.79000,641.00000,643.40000
SCOH,D,20070829,000000,639.00000,649.95000,639.00000,645.00000
SCOH,D,20070830,000000,644.99000,644.99000,640.10000,644.72000
SCOH,D,20070831,000000,640.03000,653.00000,640.02000,650.00000
SCOH,D,20070903,000000,641.05000,649.98000,641.03000,645.20000
SCOH,D,20070904,000000,652.00000,664.35000,644.20000,649.00000
SCOH,D,20070905,000000,654.99000,657.00000,650.00000,653.00000
SCOH,D,20070906,000000,654.99000,655.00000,652.00000,655.00000
SCOH,D,20070907,000000,652.50000,654.30000,648.00000,650.00000
SCOH,D,20070910,000000,648.00000,658.49000,648.00000,652.95000
SCOH,D,20070911,000000,651.97000,651.97000,643.00000,645.10000
SCOH,D,20070912,000000,642.21000,643.00000,640.00000,642.00000
SCOH,D,20070913,000000,640.00000,641.00000,635.75000,641.00000
SCOH,D,20070914,000000,641.00000,645.00000,638.00000,638.30000
SCOH,D,20070917,000000,638.03000,639.80000,633.00000,637.90000
SCOH,D,20070918,000000,637.00000,637.00000,625.00000,635.00000
SCOH,D,20070919,000000,637.99000,648.80000,630.00000,635.00000
SCOH,D,20070920,000000,632.00000,635.00000,629.00000,632.00000
SCOH,D,20070921,000000,632.00000,633.00000,627.00000,631.99000
SCOH,D,20070924,000000,631.99000,640.00000,630.00000,630.60000
SCOH,D,20070925,000000,630.60000,642.00000,625.00000,628.00000
SCOH,D,20070926,000000,627.99000,632.00000,619.00000,624.00000
SCOH,D,20070927,000000,626.00000,634.00000,623.00000,634.00000
SCOH,D,20070928,000000,634.40000,638.00000,633.00000,635.00000
SCOH,D,20071001,000000,639.95000,651.00000,636.00000,641.00000
SCOH,D,20071002,000000,654.99000,657.39000,625.00000,642.96000
SCOH,D,20071003,000000,650.00000,650.00000,635.10000,636.00000
SCOH,D,20071004,000000,636.01000,639.94000,632.72000,638.00000
SCOH,D,20071005,000000,639.00000,639.00000,632.02000,636.00000
SCOH,D,20071008,000000,637.00000,640.00000,632.00000,632.00000
SCOH,D,20071009,000000,632.00000,638.00000,630.00000,637.00000
SCOH,D,20071010,000000,639.00000,645.60000,639.00000,644.00000
SCOH,D,20071011,000000,644.30000,659.98000,643.00000,655.00000
SCOH,D,20071012,000000,655.00000,656.00000,649.99000,652.00000
SCOH,D,20071015,000000,652.00000,652.00000,640.00000,650.00000
SCOH,D,20071016,000000,648.50000,650.00000,642.00000,645.00000
SCOH,D,20071017,000000,647.92000,650.00000,643.02000,648.00000
SCOH,D,20071018,000000,648.00000,649.00000,640.00000,645.00000
SCOH,D,20071019,000000,642.00000,647.00000,638.03000,644.00000
SCOH,D,20071022,000000,640.50000,643.00000,638.00000,642.10000
SCOH,D,20071023,000000,642.10000,655.00000,635.00000,649.00000
SCOH,D,20071024,000000,643.98000,649.75000,640.00000,646.00000
SCOH,D,20071025,000000,647.95000,648.00000,644.00000,646.00000
SCOH,D,20071026,000000,643.00000,646.00000,642.00000,645.00000
SCOH,D,20071029,000000,645.00000,649.00000,642.51000,645.01000
SCOH,D,20071030,000000,649.32000,651.00000,642.38000,650.00000
SCOH,D,20071031,000000,648.00000,651.00000,642.40000,649.50000
SCOH,D,20071101,000000,652.00000,652.00000,646.08000,647.00000
SCOH,D,20071102,000000,646.07000,646.50000,642.30000,646.50000
SCOH,D,20071106,000000,646.50000,650.00000,642.51000,642.82000
SCOH,D,20071107,000000,643.50000,647.00000,642.90000,645.95000
SCOH,D,20071108,000000,646.00000,697.00000,642.52000,695.00000
SCOH,D,20071109,000000,694.00000,717.00000,677.00000,700.00000
SCOH,D,20071112,000000,700.00000,700.00000,674.05000,674.05000
SCOH,D,20071113,000000,674.06000,685.00000,667.03000,682.00000
SCOH,D,20071114,000000,687.00000,689.99000,672.60000,681.00000
SCOH,D,20071115,000000,680.00000,680.00000,672.01000,672.82000
SCOH,D,20071116,000000,675.00000,675.00000,664.03000,664.99000
SCOH,D,20071119,000000,664.59000,675.00000,660.00000,663.00000
SCOH,D,20071120,000000,666.99000,668.00000,650.00000,654.79000
SCOH,D,20071121,000000,654.79000,655.00000,640.05000,647.99000
SCOH,D,20071122,000000,647.99000,659.15000,647.00000,654.99000
SCOH,D,20071123,000000,657.00000,657.00000,645.72000,649.00000
SCOH,D,20071126,000000,649.00000,649.00000,642.01000,646.00000
SCOH,D,20071127,000000,642.52000,643.89000,635.00000,639.44000
SCOH,D,20071128,000000,640.00000,640.00000,634.99000,637.00000
SCOH,D,20071129,000000,640.00000,644.90000,635.00000,635.30000
SCOH,D,20071130,000000,638.00000,645.00000,631.00000,644.99000
SCOH,D,20071203,000000,645.02000,650.00000,644.00000,648.99000
SCOH,D,20071204,000000,647.01000,649.95000,645.00000,645.06000
SCOH,D,20071205,000000,646.52000,655.00000,646.52000,654.88000
SCOH,D,20071206,000000,653.00000,658.99000,643.01000,649.99000
SCOH,D,20071207,000000,651.41000,651.41000,640.32000,646.00000
SCOH,D,20071210,000000,648.69000,648.69000,644.00000,646.50000
SCOH,D,20071211,000000,647.80000,653.00000,642.01000,647.50000
SCOH,D,20071212,000000,643.00000,646.99000,641.00000,643.00000
SCOH,D,20071213,000000,646.00000,653.55000,640.02000,641.99000
SCOH,D,20071214,000000,645.78000,648.00000,640.10000,647.90000
SCOH,D,20071217,000000,645.10000,650.94000,643.00000,648.00000
SCOH,D,20071218,000000,649.99000,651.97000,645.36000,647.10000
SCOH,D,20071219,000000,651.41000,651.42000,647.10000,649.98000
SCOH,D,20071220,000000,649.00000,651.49000,645.20000,649.98000
SCOH,D,20071221,000000,649.04000,654.78000,647.20000,650.00000
SCOH,D,20071224,000000,647.00000,650.00000,647.00000,647.81000
SCOH,D,20071225,000000,647.81000,650.00000,642.00000,642.03000
SCOH,D,20071226,000000,645.00000,645.00000,639.00000,640.05000
SCOH,D,20071227,000000,643.94000,643.94000,639.00000,639.00000
SCOH,D,20071228,000000,636.03000,640.00000,636.01000,637.10000
SCOH,D,20080109,000000,637.11000,647.00000,635.00000,645.00000
SCOH,D,20080110,000000,645.02000,649.79000,645.01000,645.05000
SCOH,D,20080111,000000,645.00000,648.00000,645.00000,647.00000
SCOH,D,20080114,000000,645.00000,647.00000,641.01000,645.00000
SCOH,D,20080115,000000,645.50000,649.00000,645.00000,648.00000
SCOH,D,20080116,000000,646.50000,646.50000,630.00000,637.99000
SCOH,D,20080117,000000,636.12000,654.80000,636.00000,651.99000
SCOH,D,20080118,000000,652.50000,660.10000,644.66000,656.00000
SCOH,D,20080121,000000,660.00000,679.50000,640.00000,679.50000
SCOH,D,20080122,000000,670.00000,670.00000,635.21000,663.99000
SCOH,D,20080123,000000,664.00000,670.00000,640.00000,650.00000
SCOH,D,20080124,000000,655.00000,657.00000,643.00000,650.00000
SCOH,D,20080125,000000,652.91000,653.37000,634.00000,641.00000
SCOH,D,20080128,000000,645.01000,648.89000,632.00000,635.00000
SCOH,D,20080129,000000,644.78000,646.00000,626.80000,634.00000
SCOH,D,20080130,000000,627.00000,634.01000,627.00000,627.00000
SCOH,D,20080131,000000,628.00000,629.00000,599.99000,612.00000
SCOH,D,20080201,000000,615.00000,615.00000,609.00000,612.00000
SCOH,D,20080204,000000,612.00000,613.00000,608.00000,613.00000
SCOH,D,20080205,000000,610.00000,630.00000,607.00000,630.00000
SCOH,D,20080206,000000,620.00000,625.00000,610.00000,625.00000
SCOH,D,20080207,000000,616.01000,625.50000,611.00000,625.00000
SCOH,D,20080208,000000,625.00000,625.00000,500.00000,612.00000
SCOH,D,20080211,000000,611.98000,622.00000,611.00000,622.00000
SCOH,D,20080212,000000,620.00000,622.00000,615.00000,615.00000
SCOH,D,20080213,000000,615.00000,617.00000,607.77000,612.49000
SCOH,D,20080214,000000,611.02000,616.98000,608.98000,611.50000
SCOH,D,20080215,000000,608.04000,614.96000,599.50000,610.00000
SCOH,D,20080218,000000,608.98000,612.00000,599.01000,608.97000
SCOH,D,20080219,000000,608.98000,610.99000,594.99000,600.00000
SCOH,D,20080220,000000,595.00000,595.00000,580.00000,595.00000
SCOH,D,20080221,000000,591.06000,595.00000,582.57000,587.79000
SCOH,D,20080222,000000,585.00000,585.00000,577.60000,581.00000
SCOH,D,20080226,000000,578.50000,583.98000,573.00000,575.00000
SCOH,D,20080227,000000,576.50000,577.00000,568.00000,571.00000
SCOH,D,20080228,000000,570.89000,571.00000,567.00000,570.75000
SCOH,D,20080229,000000,565.15000,570.00000,556.12000,560.00000
SCOH,D,20080303,000000,557.00000,562.00000,556.00000,560.00000
SCOH,D,20080304,000000,563.87000,571.00000,562.11000,570.95000
SCOH,D,20080305,000000,572.00000,575.00000,562.03000,567.58000
SCOH,D,20080306,000000,565.16000,566.98000,549.00000,550.00000
SCOH,D,20080307,000000,550.12000,554.40000,547.00000,551.99000
SCOH,D,20080311,000000,550.97000,553.00000,545.05000,547.12000
SCOH,D,20080312,000000,548.15000,555.00000,547.00000,548.50000
SCOH,D,20080313,000000,549.99000,552.00000,543.70000,551.97000
SCOH,D,20080314,000000,550.01000,551.00000,545.02000,545.51000
SCOH,D,20080317,000000,544.85000,544.85000,527.02000,540.00000
SCOH,D,20080318,000000,541.99000,541.99000,531.50000,541.00000
SCOH,D,20080319,000000,547.00000,547.00000,530.00000,540.00000
SCOH,D,20080320,000000,541.00000,549.90000,521.12000,547.45000
SCOH,D,20080321,000000,540.00000,554.99000,539.01000,551.98000
SCOH,D,20080324,000000,547.31000,567.98000,547.31000,555.00000
SCOH,D,20080325,000000,555.10000,557.00000,540.21000,547.21000
SCOH,D,20080326,000000,543.93000,554.95000,540.00000,554.79000
SCOH,D,20080327,000000,541.58000,550.00000,540.00000,548.90000
SCOH,D,20080328,000000,543.10000,545.97000,540.00000,543.00000
SCOH,D,20080331,000000,543.00000,547.00000,530.12000,542.01000
SCOH,D,20080401,000000,547.35000,548.77000,537.00000,547.00000
SCOH,D,20080402,000000,549.34000,550.50000,543.00000,546.50000
SCOH,D,20080403,000000,538.54000,549.88000,538.00000,547.10000
SCOH,D,20080404,000000,546.00000,554.00000,540.00000,548.00000
SCOH,D,20080407,000000,547.55000,569.86000,540.00000,564.94000
SCOH,D,20080408,000000,563.99000,564.00000,547.39000,554.00000
SCOH,D,20080409,000000,558.00000,578.00000,558.00000,560.00000
SCOH,D,20080410,000000,558.00000,562.00000,553.01000,558.00000
SCOH,D,20080411,000000,557.01000,559.99000,550.55000,553.99000
SCOH,D,20080414,000000,560.00000,560.00000,534.00000,545.99000
SCOH,D,20080415,000000,552.48000,560.00000,548.00000,552.01000
SCOH,D,20080416,000000,558.43000,559.00000,553.40000,557.00000
SCOH,D,20080417,000000,557.01000,561.00000,554.02000,559.97000
SCOH,D,20080418,000000,559.97000,560.00000,556.01000,560.00000
SCOH,D,20080421,000000,560.44000,561.00000,550.60000,557.00000
SCOH,D,20080422,000000,559.00000,582.00000,559.00000,575.00000
SCOH,D,20080423,000000,581.00000,586.99000,576.00000,580.00000
SCOH,D,20080424,000000,581.99000,585.00000,572.00000,576.00000
SCOH,D,20080425,000000,576.00000,583.99000,575.00000,577.02000
SCOH,D,20080428,000000,571.01000,576.99000,535.00000,573.01000
SCOH,D,20080429,000000,572.00000,580.00000,560.00000,573.00000
SCOH,D,20080430,000000,574.00000,575.00000,563.02000,575.00000
SCOH,D,20080504,000000,572.00000,575.00000,572.00000,573.00000
SCOH,D,20080505,000000,574.99000,575.50000,565.30000,572.01000
SCOH,D,20080506,000000,571.01000,575.00000,555.60000,570.00000
SCOH,D,20080507,000000,565.00000,570.90000,560.02000,569.40000
SCOH,D,20080508,000000,570.00000,574.00000,569.00000,573.00000
SCOH,D,20080512,000000,574.50000,575.00000,569.00000,570.00000
SCOH,D,20080513,000000,573.00000,587.00000,565.45000,573.50000
SCOH,D,20080514,000000,572.83000,575.00000,570.01000,575.00000
SCOH,D,20080515,000000,575.00000,575.50000,565.00000,573.50000
SCOH,D,20080516,000000,570.00000,574.90000,567.70000,573.99000
SCOH,D,20080519,000000,569.99000,584.00000,569.42000,580.00000
SCOH,D,20080520,000000,584.99000,634.90000,571.00000,615.10000
SCOH,D,20080521,000000,610.00000,620.00000,598.61000,607.01000
SCOH,D,20080522,000000,605.00000,610.01000,595.00000,602.79000
SCOH,D,20080523,000000,595.50000,599.00000,590.00000,597.91000
SCOH,D,20080526,000000,590.00000,604.00000,590.00000,604.00000
SCOH,D,20080527,000000,609.39000,613.75000,600.00000,611.00000
SCOH,D,20080528,000000,608.30000,615.00000,595.00000,615.00000
SCOH,D,20080529,000000,612.59000,636.50000,585.06000,636.50000
SCOH,D,20080530,000000,636.00000,655.01000,627.01000,655.00000
SCOH,D,20080602,000000,655.00000,670.00000,638.99000,670.00000
SCOH,D,20080603,000000,670.00000,670.00000,655.11000,666.03000
SCOH,D,20080604,000000,666.06000,675.00000,646.00000,670.00000
SCOH,D,20080605,000000,666.03000,670.00000,651.80000,667.97000
SCOH,D,20080606,000000,666.89000,666.90000,616.08000,665.00000
SCOH,D,20080607,000000,623.12000,664.99000,623.12000,654.52000
SCOH,D,20080609,000000,656.00000,663.70000,643.46000,659.00000
SCOH,D,20080610,000000,627.04000,650.32000,627.04000,640.40000
SCOH,D,20080611,000000,645.00000,654.99000,637.05000,647.00000
SCOH,D,20080616,000000,657.07000,665.54000,645.23000,649.98000
SCOH,D,20080617,000000,650.00000,652.59000,629.00000,645.00000
SCOH,D,20080618,000000,641.00000,647.85000,636.00000,643.00000
SCOH,D,20080619,000000,642.99000,650.00000,630.00000,635.30000
SCOH,D,20080620,000000,630.11000,646.00000,630.11000,646.00000
SCOH,D,20080623,000000,640.00000,660.01000,630.02000,647.01000
SCOH,D,20080624,000000,647.01000,654.99000,631.50000,641.90000
SCOH,D,20080625,000000,643.36000,643.36000,625.00000,639.00000
SCOH,D,20080626,000000,615.09000,643.42000,615.09000,639.98000
SCOH,D,20080627,000000,630.97000,633.90000,620.36000,621.02000
SCOH,D,20080630,000000,624.99000,625.00000,615.06000,615.07000
SCOH,D,20080701,000000,615.07000,618.98000,592.68000,613.99000
SCOH,D,20080702,000000,613.00000,616.80000,613.00000,613.00000
SCOH,D,20080703,000000,612.02000,620.00000,606.00000,620.00000
SCOH,D,20080704,000000,618.90000,625.00000,608.63000,620.00000
SCOH,D,20080707,000000,612.03000,627.50000,609.99000,615.00000
SCOH,D,20080708,000000,618.00000,620.00000,608.30000,620.00000
SCOH,D,20080709,000000,615.00000,620.00000,610.00000,620.00000
SCOH,D,20080710,000000,615.01000,621.00000,611.25000,615.01000
SCOH,D,20080711,000000,610.56000,620.00000,610.00000,620.00000
SCOH,D,20080714,000000,611.85000,619.00000,591.71000,608.00000
SCOH,D,20080715,000000,607.02000,607.02000,601.00000,605.00000
SCOH,D,20080716,000000,605.00000,610.00000,600.01000,609.98000
SCOH,D,20080717,000000,610.98000,610.99000,601.58000,609.00000
SCOH,D,20080718,000000,608.00000,611.00000,605.00000,610.00000
SCOH,D,20080721,000000,609.99000,610.00000,605.03000,610.00000
SCOH,D,20080722,000000,606.01000,608.00000,605.03000,608.00000
SCOH,D,20080723,000000,609.97000,612.88000,606.01000,612.80000
SCOH,D,20080724,000000,609.00000,614.80000,605.06000,611.00000
SCOH,D,20080725,000000,605.03000,620.00000,604.00000,610.00000
SCOH,D,20080728,000000,605.21000,614.34000,605.11000,610.00000
SCOH,D,20080729,000000,610.00000,610.00000,605.00000,610.00000
SCOH,D,20080730,000000,608.55000,640.02000,605.76000,619.91000
SCOH,D,20080731,000000,605.84000,621.01000,605.18000,613.49000
SCOH,D,20080801,000000,613.99000,620.00000,606.00000,620.00000
SCOH,D,20080804,000000,615.02000,616.00000,606.00000,606.00000
SCOH,D,20080805,000000,601.15000,621.00000,601.01000,621.00000
SCOH,D,20080806,000000,614.15000,625.01000,608.18000,620.00000
SCOH,D,20080807,000000,612.01000,633.00000,612.00000,616.00000
SCOH,D,20080808,000000,624.99000,640.01000,611.87000,636.01000
SCOH,D,20080811,000000,620.11000,649.45000,610.00000,640.00000
SCOH,D,20080812,000000,628.01000,640.00000,628.01000,636.01000
SCOH,D,20080813,000000,620.01000,640.00000,620.01000,640.00000
SCOH,D,20080814,000000,639.99000,640.00000,628.11000,640.00000
SCOH,D,20080815,000000,638.88000,640.00000,635.07000,639.67000
SCOH,D,20080818,000000,620.00000,645.00000,606.31000,645.00000
SCOH,D,20080819,000000,630.03000,642.00000,630.03000,638.01000
SCOH,D,20080820,000000,636.01000,638.21000,636.00000,637.00000
SCOH,D,20080821,000000,633.26000,640.00000,617.05000,635.00000
SCOH,D,20080822,000000,633.07000,641.00000,627.01000,632.01000
SCOH,D,20080825,000000,632.00000,639.99000,630.00000,639.99000
SCOH,D,20080826,000000,630.00000,650.00000,620.00000,633.01000
SCOH,D,20080827,000000,639.00000,645.00000,626.32000,645.00000
SCOH,D,20080828,000000,634.05000,645.00000,629.99000,642.00000
SCOH,D,20080829,000000,635.00000,645.01000,634.00000,644.91000
SCOH,D,20080901,000000,638.01000,645.00000,636.05000,645.00000
SCOH,D,20080902,000000,644.99000,649.00000,640.00000,645.00000
SCOH,D,20080903,000000,640.00000,660.66000,640.00000,655.00000
SCOH,D,20080904,000000,653.99000,664.00000,646.00000,660.00000
SCOH,D,20080905,000000,665.50000,670.00000,635.11000,664.77000
SCOH,D,20080908,000000,655.56000,664.77000,653.87000,660.01000
SCOH,D,20080909,000000,659.99000,675.00000,640.14000,658.01000
SCOH,D,20080910,000000,656.01000,674.00000,643.00000,670.00000
SCOH,D,20080911,000000,669.89000,680.00000,650.70000,669.97000
SCOH,D,20080912,000000,660.01000,674.00000,652.53000,670.00000
SCOH,D,20080915,000000,650.00000,670.00000,643.24000,669.00000
SCOH,D,20080916,000000,650.14000,680.00000,635.09000,650.00000
SCOH,D,20080917,000000,649.91000,650.00000,638.00000,638.00000
SCOH,D,20080919,000000,635.01000,710.00000,625.00000,665.00000
SCOH,D,20080922,000000,660.00000,664.00000,645.20000,655.00000
SCOH,D,20080923,000000,649.57000,700.00000,637.11000,700.00000
SCOH,D,20080924,000000,690.00000,690.00000,657.00000,667.00000
SCOH,D,20080925,000000,659.90000,700.00000,642.00000,645.02000
SCOH,D,20080926,000000,647.99000,659.99000,634.99000,655.00000
SCOH,D,20080929,000000,659.80000,680.00000,640.00000,675.00000
SCOH,D,20080930,000000,650.00000,690.00000,650.00000,679.99000
SCOH,D,20081001,000000,679.97000,690.00000,656.05000,669.95000
SCOH,D,20081002,000000,669.45000,675.00000,656.00000,674.90000
SCOH,D,20081003,000000,670.00000,679.00000,644.02000,669.99000
SCOH,D,20081006,000000,660.01000,680.00000,660.00000,675.00000
SCOH,D,20081007,000000,650.50000,700.00000,650.50000,674.01000
SCOH,D,20081008,000000,673.99000,695.00000,658.90000,689.99000
SCOH,D,20081009,000000,660.00000,680.01000,652.10000,680.00000
SCOH,D,20081013,000000,686.93000,699.00000,658.01000,679.50000
SCOH,D,20081014,000000,679.00000,683.95000,660.00000,678.97000
SCOH,D,20081015,000000,670.00000,683.01000,663.66000,675.99000
SCOH,D,20081016,000000,668.34000,699.50000,656.00000,682.00000
SCOH,D,20081017,000000,682.00000,692.00000,661.62000,689.00000
SCOH,D,20081020,000000,670.01000,699.80000,665.00000,680.50000
SCOH,D,20081021,000000,689.89000,700.00000,670.00000,687.94000
SCOH,D,20081022,000000,677.02000,727.00000,677.02000,725.00000
SCOH,D,20081023,000000,730.00000,730.00000,682.50000,711.00000
SCOH,D,20081024,000000,700.00000,714.99000,693.18000,714.99000
SCOH,D,20081028,000000,700.01000,719.88000,695.00000,698.00000
SCOH,D,20081029,000000,698.97000,699.00000,610.21000,639.90000
SCOH,D,20081030,000000,640.00000,641.00000,465.00000,490.01000
SCOH,D,20081031,000000,470.00000,489.98000,348.15000,360.00000
SCOH,D,20081105,000000,378.00000,414.94000,300.00000,392.48000
SCOH,D,20081106,000000,390.00000,398.00000,358.00000,375.00000
SCOH,D,20081107,000000,377.99000,381.00000,340.00000,362.92000
SCOH,D,20081110,000000,369.99000,374.99000,330.00000,346.00000
SCOH,D,20081111,000000,325.00000,333.55000,281.00000,290.00000
SCOH,D,20081113,000000,280.00000,306.50000,230.02000,304.99000
SCOH,D,20081114,000000,304.50000,345.00000,291.01000,307.99000
SCOH,D,20081117,000000,281.05000,308.89000,280.42000,300.20000
SCOH,D,20081118,000000,291.60000,295.00000,269.99000,287.26000
SCOH,D,20081119,000000,280.00000,280.00000,270.00000,275.00000
SCOH,D,20081120,000000,250.00000,275.00000,207.00000,222.22000
SCOH,D,20081121,000000,246.53000,272.60000,216.11000,260.97000
SCOH,D,20081124,000000,259.89000,259.89000,237.00000,237.00000
SCOH,D,20081125,000000,240.00000,259.89000,208.91000,210.00000
SCOH,D,20081126,000000,205.01000,210.00000,185.00000,199.89000
SCOH,D,20081127,000000,200.00000,208.83000,185.17000,198.00000
SCOH,D,20081128,000000,196.01000,204.89000,187.01000,204.89000
SCOH,D,20081201,000000,200.21000,240.00000,156.00000,191.21000
SCOH,D,20081202,000000,185.01000,194.88000,160.00000,184.00000
SCOH,D,20081203,000000,180.00000,198.00000,176.00000,191.00000
SCOH,D,20081204,000000,189.04000,193.77000,161.02000,177.01000
SCOH,D,20081205,000000,172.36000,179.91000,161.00000,173.00000
SCOH,D,20081208,000000,165.01000,182.00000,162.26000,178.00000
SCOH,D,20081209,000000,170.41000,176.94000,168.31000,169.01000
SCOH,D,20081210,000000,170.00000,172.00000,167.02000,169.98000
SCOH,D,20081211,000000,172.98000,172.98000,167.03000,170.00000
SCOH,D,20081212,000000,168.31000,178.60000,168.30000,171.50000
SCOH,D,20081215,000000,172.55000,172.76000,164.00000,168.86000
SCOH,D,20081216,000000,163.62000,168.67000,157.00000,163.89000
SCOH,D,20081217,000000,167.49000,173.99000,160.80000,163.67000
SCOH,D,20081218,000000,157.07000,163.00000,121.01000,162.00000
SCOH,D,20081219,000000,160.21000,188.00000,160.00000,180.00000
SCOH,D,20081222,000000,189.90000,189.90000,169.94000,180.00000
SCOH,D,20081223,000000,184.99000,192.00000,177.00000,190.19000
SCOH,D,20081224,000000,190.80000,191.00000,170.01000,186.81000
SCOH,D,20081225,000000,185.77000,188.00000,170.00000,179.01000
SCOH,D,20081226,000000,179.00000,187.47000,179.00000,182.07000
SCOH,D,20081229,000000,183.65000,195.00000,154.10000,185.00000
SCOH,D,20081230,000000,179.01000,194.00000,178.01000,185.30000
SCOH,D,20081231,000000,179.99000,193.00000,179.99000,193.00000
SCOH,D,20090111,000000,194.99000,194.99000,190.00000,190.64000
SCOH,D,20090112,000000,186.00000,208.02000,185.00000,204.00000
SCOH,D,20090113,000000,197.18000,199.99000,194.00000,195.04000
SCOH,D,20090114,000000,199.99000,200.00000,194.00000,195.00000
SCOH,D,20090115,000000,187.01000,196.90000,180.00000,195.00000
SCOH,D,20090116,000000,196.90000,200.00000,196.00000,198.00000
SCOH,D,20090119,000000,204.99000,210.00000,196.00000,202.00000
SCOH,D,20090120,000000,202.00000,209.99000,200.00000,201.00000
SCOH,D,20090121,000000,198.00000,220.00000,197.01000,217.00000
SCOH,D,20090122,000000,218.39000,220.00000,212.01000,216.99000
SCOH,D,20090123,000000,217.00000,225.00000,210.00000,214.26000
SCOH,D,20090126,000000,213.00000,222.00000,160.00000,211.00000
SCOH,D,20090127,000000,212.00000,215.98000,211.11000,211.12000
SCOH,D,20090128,000000,210.50000,210.50000,205.00000,207.00000
SCOH,D,20090129,000000,206.89000,207.00000,200.00000,203.00000
SCOH,D,20090130,000000,200.86000,208.00000,199.90000,208.00000
SCOH,D,20090202,000000,207.99000,207.99000,198.02000,202.98000
SCOH,D,20090203,000000,203.00000,205.00000,200.01000,203.00000
SCOH,D,20090204,000000,203.90000,204.01000,203.50000,204.00000
SCOH,D,20090205,000000,204.00000,209.00000,195.01000,201.96000
SCOH,D,20090206,000000,205.00000,205.00000,191.93000,203.00000
SCOH,D,20090209,000000,204.35000,210.00000,194.01000,210.00000
SCOH,D,20090210,000000,210.99000,212.00000,209.50000,209.50000
SCOH,D,20090211,000000,200.21000,216.00000,200.21000,216.00000
SCOH,D,20090212,000000,216.00000,218.00000,206.00000,206.00000
SCOH,D,20090213,000000,210.50000,214.45000,207.01000,214.45000
SCOH,D,20090216,000000,215.26000,215.26000,202.50000,210.00000
SCOH,D,20090217,000000,210.01000,218.00000,210.00000,211.16000
SCOH,D,20090218,000000,208.00000,209.00000,207.01000,207.01000
SCOH,D,20090219,000000,208.10000,209.00000,207.00000,208.01000
SCOH,D,20090220,000000,204.40000,204.40000,175.00000,193.39000
SCOH,D,20090224,000000,203.39000,247.50000,203.39000,237.00000
SCOH,D,20090225,000000,240.00000,280.00000,238.00000,247.00000
SCOH,D,20090226,000000,247.00000,254.90000,231.00000,241.00000
SCOH,D,20090227,000000,235.00000,242.00000,221.00000,230.00000
SCOH,D,20090302,000000,229.99000,229.99000,210.02000,215.00000
SCOH,D,20090303,000000,210.00000,225.00000,210.00000,221.00000
SCOH,D,20090304,000000,215.01000,217.59000,210.00000,216.90000
SCOH,D,20090305,000000,218.00000,218.44000,205.20000,210.00000
SCOH,D,20090306,000000,209.00000,213.00000,200.20000,209.00000
SCOH,D,20090310,000000,202.00000,245.00000,190.31000,233.47000
SCOH,D,20090311,000000,212.43000,235.00000,204.00000,223.00000
SCOH,D,20090312,000000,211.02000,228.99000,211.01000,220.00000
SCOH,D,20090313,000000,227.67000,230.00000,220.00000,221.11000
SCOH,D,20090316,000000,221.00000,222.00000,202.67000,218.50000
SCOH,D,20090317,000000,217.00000,218.00000,211.00000,214.33000
SCOH,D,20090318,000000,212.00000,222.00000,209.00000,214.95000
SCOH,D,20090319,000000,215.00000,218.00000,205.10000,210.99000
SCOH,D,20090320,000000,206.11000,212.00000,203.01000,212.00000
SCOH,D,20090323,000000,212.99000,224.99000,212.50000,214.00000
SCOH,D,20090324,000000,219.87000,225.00000,212.00000,212.40000
SCOH,D,20090325,000000,215.88000,217.90000,212.50000,215.00000
SCOH,D,20090326,000000,210.00000,225.00000,210.00000,216.50000
SCOH,D,20090327,000000,215.00000,232.00000,190.00000,223.03000
SCOH,D,20090330,000000,216.50000,222.00000,210.01000,212.00000
SCOH,D,20090331,000000,220.85000,221.98000,210.00000,213.99000
SCOH,D,20090401,000000,213.99000,215.00000,211.05000,211.90000
SCOH,D,20090402,000000,211.00000,211.90000,208.00000,210.00000
SCOH,D,20090403,000000,210.00000,219.98000,207.01000,210.00000
SCOH,D,20090406,000000,211.00000,213.00000,207.00000,208.02000
SCOH,D,20090407,000000,209.99000,212.00000,205.00000,209.96000
SCOH,D,20090408,000000,209.50000,210.00000,205.00000,209.99000
SCOH,D,20090409,000000,216.70000,220.01000,211.30000,216.95000
SCOH,D,20090410,000000,217.01000,217.80000,211.60000,215.50000
SCOH,D,20090413,000000,216.99000,220.00000,212.00000,215.00000
SCOH,D,20090414,000000,217.00000,231.00000,212.81000,230.50000
SCOH,D,20090415,000000,216.01000,278.00000,216.00000,234.00000
SCOH,D,20090416,000000,249.00000,249.00000,224.88000,233.97000
SCOH,D,20090417,000000,238.49000,245.00000,231.17000,235.99000
SCOH,D,20090420,000000,240.00000,285.00000,240.00000,270.02000
SCOH,D,20090421,000000,271.00000,278.99000,258.01000,266.00000
SCOH,D,20090422,000000,271.40000,273.87000,262.50000,267.00000
SCOH,D,20090423,000000,262.03000,268.99000,238.10000,260.00000
SCOH,D,20090424,000000,260.50000,262.00000,250.00000,253.00000
SCOH,D,20090427,000000,250.20000,251.93000,245.00000,248.50000
SCOH,D,20090428,000000,245.01000,245.01000,230.80000,239.90000
SCOH,D,20090429,000000,232.11000,269.59000,225.00000,255.00000
SCOH,D,20090430,000000,255.10000,255.10000,245.01000,245.01000
SCOH,D,20090504,000000,249.98000,253.99000,239.01000,245.20000
SCOH,D,20090505,000000,255.01000,318.76000,255.00000,318.76000
SCOH,D,20090506,000000,350.69000,414.39000,350.20000,414.00000
SCOH,D,20090507,000000,451.02000,470.00000,350.00000,354.00000
SCOH,D,20090508,000000,359.00000,360.90000,321.51000,342.54000
SCOH,D,20090512,000000,344.00000,419.00000,343.50000,398.20000
SCOH,D,20090513,000000,411.95000,411.95000,335.00000,352.20000
SCOH,D,20090514,000000,350.00000,385.00000,322.60000,360.00000
SCOH,D,20090515,000000,368.50000,397.01000,346.00000,352.83000
SCOH,D,20090518,000000,338.10000,351.00000,326.00000,344.24000
SCOH,D,20090519,000000,354.41000,358.86000,330.76000,333.56000
SCOH,D,20090520,000000,338.00000,343.00000,327.01000,334.98000
SCOH,D,20090521,000000,336.00000,339.50000,313.11000,323.79000
SCOH,D,20090522,000000,320.00000,330.00000,311.01000,320.80000
SCOH,D,20090525,000000,327.00000,329.90000,317.56000,324.40000
SCOH,D,20090526,000000,323.00000,325.00000,301.17000,317.00000
SCOH,D,20090527,000000,320.13000,324.00000,305.00000,315.00000
SCOH,D,20090528,000000,314.00000,314.00000,303.50000,304.40000
SCOH,D,20090529,000000,305.10000,308.00000,291.99000,300.00000
SCOH,D,20090601,000000,304.24000,337.34000,296.03000,335.00000
SCOH,D,20090602,000000,335.00000,338.00000,310.00000,316.00000
SCOH,D,20090603,000000,313.01000,319.88000,292.00000,295.00000
SCOH,D,20090604,000000,294.50000,296.91000,278.00000,288.84000
SCOH,D,20090605,000000,289.98000,315.00000,281.78000,291.00000
SCOH,D,20090608,000000,291.10000,294.39000,278.24000,288.00000
SCOH,D,20090609,000000,289.98000,304.87000,287.11000,293.49000
SCOH,D,20090610,000000,295.00000,301.00000,270.63000,298.00000
SCOH,D,20090611,000000,297.90000,298.94000,287.44000,296.55000
SCOH,D,20090615,000000,295.00000,297.00000,285.00000,288.71000
SCOH,D,20090616,000000,286.00000,307.37000,282.00000,297.60000
SCOH,D,20090617,000000,313.50000,370.00000,303.00000,307.82000
SCOH,D,20090618,000000,311.53000,319.08000,278.10000,288.15000
SCOH,D,20090619,000000,302.56000,302.56000,284.00000,286.00000
SCOH,D,20090622,000000,292.00000,292.00000,270.63000,276.50000
SCOH,D,20090623,000000,270.63000,270.63000,244.00000,248.00000
SCOH,D,20090624,000000,254.75000,260.00000,238.00000,257.70000
SCOH,D,20090625,000000,250.10000,255.00000,245.12000,250.00000
SCOH,D,20090626,000000,249.99000,252.97000,245.00000,250.80000
SCOH,D,20090629,000000,249.80000,258.62000,244.00000,251.79000
SCOH,D,20090630,000000,257.90000,257.90000,250.00000,250.01000
SCOH,D,20090701,000000,250.00000,252.14000,247.01000,248.01000
SCOH,D,20090702,000000,246.56000,256.96000,245.46000,256.96000
SCOH,D,20090703,000000,256.40000,257.98000,249.00000,251.90000
SCOH,D,20090706,000000,249.26000,252.10000,245.00000,247.99000
SCOH,D,20090707,000000,248.58000,250.00000,237.10000,246.87000
SCOH,D,20090708,000000,242.60000,246.99000,240.00000,241.00000
SCOH,D,20090709,000000,244.89000,246.96000,235.00000,240.98000
SCOH,D,20090710,000000,235.00000,240.89000,219.22000,223.00000
SCOH,D,20090713,000000,222.00000,222.00000,207.69000,208.40000
SCOH,D,20090714,000000,217.99000,237.00000,210.60000,212.76000
SCOH,D,20090715,000000,217.05000,227.00000,215.95000,223.99000
SCOH,D,20090716,000000,227.00000,240.00000,216.00000,220.44000
SCOH,D,20090717,000000,227.48000,233.49000,212.12000,223.40000
SCOH,D,20090720,000000,230.99000,235.00000,216.00000,226.60000
SCOH,D,20090721,000000,230.00000,230.00000,218.01000,220.01000
SCOH,D,20090722,000000,218.01000,224.89000,218.00000,219.78000
SCOH,D,20090723,000000,219.89000,224.48000,216.01000,218.04000
SCOH,D,20090724,000000,218.00000,222.90000,216.30000,218.80000
SCOH,D,20090727,000000,219.00000,228.35000,216.00000,219.10000
SCOH,D,20090728,000000,222.40000,230.00000,217.51000,228.50000
SCOH,D,20090729,000000,229.00000,230.70000,218.15000,222.00000
SCOH,D,20090730,000000,221.10000,227.99000,221.10000,226.89000
SCOH,D,20090731,000000,223.52000,226.00000,223.00000,225.50000
SCOH,D,20090803,000000,227.90000,229.98000,223.69000,229.49000
SCOH,D,20090804,000000,229.00000,229.69000,225.00000,227.40000
SCOH,D,20090805,000000,227.99000,241.11000,225.50000,231.00000
SCOH,D,20090806,000000,234.67000,237.00000,228.00000,230.00000
SCOH,D,20090807,000000,230.00000,234.69000,227.50000,234.69000
SCOH,D,20090810,000000,231.55000,234.99000,229.04000,230.00000
SCOH,D,20090811,000000,233.79000,233.79000,228.00000,232.00000
SCOH,D,20090812,000000,227.10000,231.65000,227.10000,231.65000
SCOH,D,20090813,000000,232.00000,245.00000,229.15000,243.00000
SCOH,D,20090814,000000,240.99000,248.00000,233.00000,237.22000
SCOH,D,20090817,000000,230.00000,238.00000,227.22000,236.00000
SCOH,D,20090818,000000,238.00000,243.90000,234.00000,237.00000
SCOH,D,20090819,000000,236.40000,237.69000,236.00000,237.50000
SCOH,D,20090820,000000,238.00000,238.00000,236.00000,237.95000
SCOH,D,20090821,000000,237.96000,238.88000,236.20000,237.00000
SCOH,D,20090824,000000,238.10000,242.00000,237.00000,239.95000
SCOH,D,20090825,000000,239.99000,243.50000,237.01000,241.00000
SCOH,D,20090826,000000,238.00000,241.90000,233.00000,234.55000
SCOH,D,20090827,000000,237.27000,237.93000,234.73000,236.00000
SCOH,D,20090828,000000,236.92000,238.95000,236.00000,238.90000
SCOH,D,20090831,000000,237.98000,237.99000,230.01000,232.05000
SCOH,D,20090901,000000,235.45000,235.50000,225.00000,231.40000
SCOH,D,20090902,000000,227.05000,227.37000,223.01000,225.00000
SCOH,D,20090903,000000,228.42000,228.95000,222.16000,225.49000
SCOH,D,20090904,000000,226.00000,228.50000,222.10000,228.39000
SCOH,D,20090907,000000,231.80000,231.99000,223.00000,225.49000
SCOH,D,20090908,000000,226.50000,266.00000,226.50000,255.00000
SCOH,D,20090909,000000,253.99000,254.00000,238.86000,245.00000
SCOH,D,20090910,000000,237.00000,249.98000,237.00000,243.50000
SCOH,D,20090911,000000,243.50000,243.50000,234.99000,241.00000
SCOH,D,20090914,000000,239.00000,279.00000,238.00000,276.00000
SCOH,D,20090915,000000,279.00000,289.90000,264.00000,267.96000
SCOH,D,20090916,000000,267.00000,271.42000,254.09000,259.00000
SCOH,D,20090917,000000,264.10000,265.00000,245.00000,255.00000
SCOH,D,20090918,000000,252.00000,256.90000,242.00000,249.81000
SCOH,D,20090921,000000,250.10000,254.90000,240.00000,241.00000
SCOH,D,20090922,000000,245.40000,247.39000,240.55000,243.30000
SCOH,D,20090923,000000,245.50000,259.99000,243.59000,252.00000
SCOH,D,20090924,000000,246.04000,257.00000,246.00000,252.00000
SCOH,D,20090925,000000,253.00000,254.91000,246.02000,249.00000
SCOH,D,20090928,000000,247.23000,248.38000,242.50000,248.38000
SCOH,D,20090929,000000,249.90000,254.98000,247.01000,253.89000
SCOH,D,20090930,000000,255.00000,290.99000,250.85000,272.00000
SCOH,D,20091001,000000,272.01000,283.49000,270.10000,279.88000
SCOH,D,20091002,000000,279.90000,281.98000,260.33000,279.39000
SCOH,D,20091005,000000,283.00000,307.80000,282.01000,296.82000
SCOH,D,20091006,000000,299.60000,301.94000,287.00000,294.00000
SCOH,D,20091007,000000,297.00000,297.00000,278.56000,284.00000
SCOH,D,20091008,000000,286.56000,294.47000,285.50000,289.55000
SCOH,D,20091009,000000,292.00000,293.83000,273.67000,289.98000
SCOH,D,20091012,000000,280.06000,289.99000,280.00000,284.40000
SCOH,D,20091013,000000,282.20000,294.00000,280.00000,283.97000
SCOH,D,20091014,000000,284.00000,286.00000,270.00000,283.50000
SCOH,D,20091015,000000,284.99000,285.00000,272.01000,275.59000
SCOH,D,20091016,000000,273.02000,277.26000,263.50000,266.60000
SCOH,D,20091019,000000,269.98000,274.16000,266.71000,272.00000
SCOH,D,20091020,000000,272.59000,277.00000,270.01000,274.97000
SCOH,D,20091021,000000,274.49000,274.49000,266.00000,270.00000
SCOH,D,20091022,000000,272.59000,276.00000,268.98000,272.98000
SCOH,D,20091023,000000,274.50000,288.88000,271.55000,273.00000
SCOH,D,20091026,000000,273.01000,277.69000,272.16000,274.00000
SCOH,D,20091027,000000,273.03000,278.00000,265.16000,268.99000
SCOH,D,20091028,000000,268.30000,269.89000,242.01000,249.56000
SCOH,D,20091029,000000,245.38000,253.18000,240.01000,252.90000
SCOH,D,20091030,000000,252.00000,253.50000,243.00000,249.80000
SCOH,D,20091102,000000,243.64000,249.47000,242.31000,246.00000
SCOH,D,20091103,000000,245.00000,247.50000,238.02000,246.00000
SCOH,D,20091105,000000,246.00000,258.50000,238.02000,247.97000
SCOH,D,20091106,000000,243.10000,252.50000,242.50000,249.99000
SCOH,D,20091109,000000,260.00000,265.00000,252.00000,257.21000
SCOH,D,20091110,000000,259.51000,267.00000,251.12000,255.00000
SCOH,D,20091111,000000,252.12000,259.97000,252.12000,256.57000
SCOH,D,20091112,000000,255.90000,264.27000,252.00000,258.00000
SCOH,D,20091113,000000,257.30000,257.70000,254.00000,257.60000
SCOH,D,20091116,000000,257.99000,261.49000,256.18000,257.60000
SCOH,D,20091117,000000,260.18000,260.18000,254.00000,254.03000
SCOH,D,20091118,000000,256.97000,256.97000,247.80000,252.93000
SCOH,D,20091119,000000,252.80000,254.97000,250.01000,251.99000
SCOH,D,20091120,000000,252.55000,254.96000,249.01000,252.70000
SCOH,D,20091123,000000,253.98000,254.00000,250.50000,253.00000
SCOH,D,20091124,000000,250.11000,251.50000,245.04000,248.01000
SCOH,D,20091125,000000,249.00000,252.24000,246.20000,249.56000
SCOH,D,20091126,000000,247.82000,248.86000,231.10000,233.99000
SCOH,D,20091127,000000,230.96000,234.59000,217.50000,230.00000
SCOH,D,20091130,000000,233.98000,240.00000,200.00000,226.98000
SCOH,D,20091201,000000,220.01000,233.00000,215.95000,231.49000
SCOH,D,20091202,000000,232.99000,234.98000,225.43000,233.79000
SCOH,D,20091203,000000,234.61000,237.00000,227.51000,227.51000
SCOH,D,20091204,000000,229.99000,238.84000,174.00000,228.81000
SCOH,D,20091207,000000,225.80000,229.48000,223.09000,228.84000
SCOH,D,20091208,000000,225.11000,228.80000,210.00000,221.99000
SCOH,D,20091209,000000,215.00000,221.00000,211.10000,220.00000
SCOH,D,20091210,000000,216.01000,217.73000,212.12000,213.98000
SCOH,D,20091211,000000,214.84000,226.00000,214.83000,225.35000
SCOH,D,20091214,000000,228.00000,228.88000,225.00000,225.00000
SCOH,D,20091215,000000,227.00000,228.78000,220.54000,225.98000
SCOH,D,20091216,000000,228.80000,233.00000,225.00000,229.50000
SCOH,D,20091217,000000,227.00000,240.00000,224.05000,225.42000
SCOH,D,20091218,000000,234.90000,238.00000,225.42000,229.50000
SCOH,D,20091221,000000,234.10000,234.10000,226.26000,226.55000
SCOH,D,20091222,000000,226.55000,229.98000,222.22000,226.00000
SCOH,D,20091223,000000,228.00000,231.00000,223.00000,226.80000
SCOH,D,20091224,000000,229.46000,229.50000,225.50000,225.80000
SCOH,D,20091225,000000,228.97000,230.00000,224.00000,225.00000
SCOH,D,20091228,000000,228.99000,228.99000,224.12000,226.94000
SCOH,D,20091229,000000,227.50000,228.00000,223.51000,224.60000
SCOH,D,20091230,000000,227.68000,227.68000,223.51000,225.00000
SCOH,D,20091231,000000,228.20000,237.00000,223.70000,228.99000
SCOH,D,20100111,000000,236.00000,236.50000,226.87000,236.00000
SCOH,D,20100112,000000,238.00000,262.90000,230.34000,262.73000
SCOH,D,20100113,000000,260.00000,260.00000,241.00000,252.40000
SCOH,D,20100114,000000,253.00000,256.99000,248.85000,255.00000
SCOH,D,20100115,000000,257.70000,259.00000,249.00000,259.00000
SCOH,D,20100118,000000,254.50000,255.00000,250.57000,252.00000
SCOH,D,20100119,000000,252.99000,253.00000,249.12000,252.50000
SCOH,D,20100120,000000,252.50000,265.00000,251.30000,261.96000
SCOH,D,20100121,000000,262.00000,262.00000,255.00000,258.44000
SCOH,D,20100122,000000,255.00000,255.00000,242.13000,251.90000
SCOH,D,20100125,000000,247.10000,252.83000,246.95000,248.00000
SCOH,D,20100126,000000,247.10000,247.10000,240.53000,241.79000
SCOH,D,20100127,000000,240.80000,259.95000,238.57000,259.95000
SCOH,D,20100128,000000,255.93000,263.00000,254.16000,257.73000
SCOH,D,20100129,000000,255.00000,258.00000,253.44000,255.99000
SCOH,D,20100201,000000,252.98000,275.69000,252.49000,271.00000
SCOH,D,20100202,000000,270.01000,275.00000,266.35000,271.81000
SCOH,D,20100203,000000,268.83000,280.00000,267.37000,269.50000
SCOH,D,20100204,000000,270.00000,270.73000,255.93000,257.19000
SCOH,D,20100205,000000,255.00000,260.00000,244.99000,255.00000
SCOH,D,20100208,000000,257.34000,257.70000,246.05000,247.60000
SCOH,D,20100209,000000,245.37000,249.99000,242.11000,248.50000
SCOH,D,20100210,000000,250.56000,253.50000,225.50000,249.00000
SCOH,D,20100211,000000,245.71000,251.04000,245.50000,251.00000
SCOH,D,20100212,000000,251.78000,251.88000,226.22000,241.00000
SCOH,D,20100215,000000,240.30000,249.93000,235.51000,242.11000
SCOH,D,20100216,000000,246.90000,254.88000,244.59000,254.00000
SCOH,D,20100217,000000,252.01000,254.20000,249.03000,252.83000
SCOH,D,20100218,000000,250.00000,253.70000,246.09000,249.05000
SCOH,D,20100219,000000,250.21000,250.21000,241.29000,244.32000
SCOH,D,20100224,000000,247.06000,252.21000,245.52000,249.75000
SCOH,D,20100225,000000,250.56000,252.11000,244.54000,249.70000
SCOH,D,20100226,000000,247.19000,249.48000,246.89000,249.00000
SCOH,D,20100227,000000,246.97000,248.00000,244.00000,247.98000
SCOH,D,20100301,000000,247.58000,257.98000,246.77000,254.99000
SCOH,D,20100302,000000,256.83000,263.00000,252.36000,253.00000
SCOH,D,20100303,000000,253.00000,268.71000,252.01000,266.72000
SCOH,D,20100304,000000,263.22000,268.48000,262.00000,265.14000
SCOH,D,20100305,000000,259.99000,273.99000,258.00000,268.11000
SCOH,D,20100309,000000,271.32000,276.15000,265.83000,270.58000
SCOH,D,20100310,000000,270.99000,270.99000,265.00000,265.00000
SCOH,D,20100311,000000,267.65000,268.05000,261.40000,265.49000
SCOH,D,20100312,000000,266.24000,270.00000,264.76000,266.14000
SCOH,D,20100315,000000,266.72000,271.00000,265.93000,265.93000
SCOH,D,20100316,000000,269.19000,269.90000,261.51000,265.57000
SCOH,D,20100317,000000,263.67000,271.00000,261.55000,270.00000
SCOH,D,20100318,000000,266.50000,269.96000,264.54000,267.98000
SCOH,D,20100319,000000,267.00000,269.63000,264.13000,265.41000
SCOH,D,20100322,000000,265.57000,268.79000,260.26000,267.34000
SCOH,D,20100323,000000,267.48000,268.00000,263.00000,263.00000
SCOH,D,20100324,000000,263.08000,265.01000,260.31000,262.03000
SCOH,D,20100325,000000,260.02000,265.78000,260.02000,263.57000
SCOH,D,20100326,000000,263.57000,268.00000,263.57000,265.95000
SCOH,D,20100329,000000,265.00000,267.99000,264.00000,266.49000
SCOH,D,20100330,000000,266.30000,269.85000,265.50000,269.00000
SCOH,D,20100331,000000,269.85000,280.37000,269.73000,277.00000
SCOH,D,20100401,000000,280.00000,285.31000,272.01000,281.67000
SCOH,D,20100402,000000,282.00000,285.00000,277.00000,278.45000
SCOH,D,20100405,000000,276.67000,279.97000,269.00000,274.49000
SCOH,D,20100406,000000,272.64000,275.60000,271.50000,273.00000
SCOH,D,20100407,000000,275.00000,280.97000,269.88000,273.21000
SCOH,D,20100408,000000,273.32000,274.00000,266.00000,272.00000
SCOH,D,20100409,000000,273.69000,274.99000,271.00000,273.98000
SCOH,D,20100412,000000,273.13000,278.00000,273.00000,275.20000
SCOH,D,20100413,000000,274.44000,278.96000,270.04000,277.34000
SCOH,D,20100414,000000,278.00000,278.40000,274.00000,277.98000
SCOH,D,20100415,000000,277.99000,279.90000,271.01000,275.73000
SCOH,D,20100416,000000,275.69000,275.69000,270.83000,271.99000
SCOH,D,20100419,000000,268.00000,271.99000,251.27000,260.24000
SCOH,D,20100420,000000,260.01000,265.99000,260.00000,263.09000
SCOH,D,20100421,000000,264.70000,264.94000,260.00000,260.00000
SCOH,D,20100422,000000,262.60000,266.00000,252.00000,258.33000
SCOH,D,20100423,000000,260.00000,262.90000,255.51000,262.90000
SCOH,D,20100426,000000,262.90000,265.04000,260.58000,262.97000
SCOH,D,20100427,000000,260.88000,263.50000,257.46000,260.75000
SCOH,D,20100428,000000,257.79000,259.91000,249.20000,251.02000
SCOH,D,20100429,000000,251.43000,262.50000,251.43000,258.49000
SCOH,D,20100430,000000,258.01000,262.40000,256.50000,262.40000
SCOH,D,20100504,000000,260.81000,265.00000,250.01000,260.92000
SCOH,D,20100505,000000,255.93000,257.07000,245.00000,253.00000
SCOH,D,20100506,000000,250.59000,255.00000,246.00000,254.97000
SCOH,D,20100507,000000,250.59000,254.48000,236.08000,250.55000
SCOH,D,20100511,000000,250.56000,256.79000,241.35000,245.65000
SCOH,D,20100512,000000,247.06000,254.99000,244.97000,254.39000
SCOH,D,20100513,000000,250.56000,260.00000,250.00000,259.49000
SCOH,D,20100514,000000,260.00000,270.99000,251.60000,253.01000
SCOH,D,20100517,000000,250.59000,254.10000,241.24000,252.85000
SCOH,D,20100518,000000,254.10000,258.00000,249.01000,252.80000
SCOH,D,20100519,000000,249.97000,251.02000,243.77000,250.48000
SCOH,D,20100520,000000,252.32000,254.90000,228.43000,234.98000
SCOH,D,20100521,000000,238.53000,239.00000,226.13000,233.74000
SCOH,D,20100524,000000,237.43000,237.50000,231.16000,236.75000
SCOH,D,20100525,000000,236.86000,236.86000,220.01000,227.92000
SCOH,D,20100526,000000,232.97000,235.00000,225.00000,234.96000
SCOH,D,20100527,000000,235.20000,258.00000,233.59000,258.00000
SCOH,D,20100528,000000,254.14000,254.14000,240.04000,253.44000
SCOH,D,20100531,000000,253.49000,284.00000,246.00000,272.29000
SCOH,D,20100601,000000,265.00000,266.00000,254.15000,265.00000
SCOH,D,20100602,000000,262.88000,262.88000,252.37000,258.13000
SCOH,D,20100603,000000,260.02000,270.00000,259.97000,265.00000
SCOH,D,20100604,000000,265.00000,277.00000,251.96000,259.50000
SCOH,D,20100607,000000,254.14000,258.96000,247.69000,252.35000
SCOH,D,20100608,000000,253.21000,256.00000,247.17000,256.00000
SCOH,D,20100609,000000,257.70000,260.00000,251.00000,256.14000
SCOH,D,20100610,000000,257.04000,260.00000,255.93000,260.00000
SCOH,D,20100611,000000,259.88000,260.00000,257.72000,260.00000
SCOH,D,20100615,000000,258.01000,260.00000,255.22000,260.00000
SCOH,D,20100616,000000,260.00000,270.00000,255.93000,257.95000
SCOH,D,20100617,000000,257.95000,258.99000,253.35000,256.10000
SCOH,D,20100618,000000,260.00000,263.78000,252.88000,254.26000
SCOH,D,20100621,000000,254.73000,264.64000,254.19000,264.64000
SCOH,D,20100622,000000,262.52000,266.01000,260.46000,264.04000
SCOH,D,20100623,000000,263.07000,269.99000,260.98000,263.92000
SCOH,D,20100624,000000,263.92000,263.92000,251.73000,252.00000
SCOH,D,20100625,000000,255.78000,265.01000,247.20000,250.00000
SCOH,D,20100628,000000,254.09000,265.01000,247.03000,265.00000
SCOH,D,20100629,000000,262.89000,262.89000,247.00000,254.14000
SCOH,D,20100630,000000,252.40000,279.97000,249.40000,266.95000
SCOH,D,20100701,000000,265.08000,265.86000,253.05000,260.00000
SCOH,D,20100702,000000,260.00000,260.70000,248.56000,255.07000
SCOH,D,20100705,000000,248.00000,270.00000,248.00000,265.99000
SCOH,D,20100706,000000,263.86000,269.61000,261.09000,268.77000
SCOH,D,20100707,000000,265.08000,268.79000,257.73000,266.60000
SCOH,D,20100708,000000,265.36000,265.36000,265.35000,265.36000
SCOH,D,20100709,000000,263.24000,263.24000,248.00000,254.10000
SCOH,D,20100712,000000,261.62000,277.00000,261.62000,275.00000
SCOH,D,20100713,000000,274.49000,277.50000,270.00000,275.01000
SCOH,D,20100714,000000,275.10000,275.70000,272.00000,273.40000
SCOH,D,20100715,000000,276.00000,280.00000,261.07000,273.50000
SCOH,D,20100716,000000,270.39000,273.50000,266.00000,272.46000
SCOH,D,20100719,000000,271.99000,271.99000,267.00000,267.00000
SCOH,D,20100720,000000,264.14000,275.00000,261.32000,275.00000
SCOH,D,20100721,000000,270.50000,275.00000,270.41000,275.00000
SCOH,D,20100722,000000,272.80000,272.80000,268.83000,270.46000
SCOH,D,20100723,000000,270.00000,275.00000,265.30000,273.99000
SCOH,D,20100726,000000,270.73000,276.39000,268.19000,275.00000
SCOH,D,20100727,000000,275.82000,279.22000,263.37000,264.00000
SCOH,D,20100728,000000,268.00000,268.00000,255.01000,257.01000
SCOH,D,20100729,000000,261.00000,275.00000,253.00000,254.00000
SCOH,D,20100730,000000,254.00000,270.01000,245.00000,249.85000
SCOH,D,20100802,000000,252.32000,259.90000,244.99000,253.99000
SCOH,D,20100803,000000,251.96000,259.70000,238.00000,244.96000
SCOH,D,20100804,000000,245.00000,246.99000,223.00000,234.00000
SCOH,D,20100805,000000,235.02000,237.00000,231.18000,236.99000
SCOH,D,20100806,000000,238.00000,248.70000,236.26000,245.00000
SCOH,D,20100809,000000,243.23000,247.93000,231.09000,240.17000
SCOH,D,20100810,000000,240.09000,245.00000,236.38000,243.98000
SCOH,D,20100811,000000,243.98000,243.98000,237.58000,240.66000
SCOH,D,20100812,000000,238.81000,240.98000,236.00000,240.89000
SCOH,D,20100813,000000,240.89000,242.87000,240.75000,242.38000
SCOH,D,20100816,000000,241.00000,243.00000,240.00000,240.86000
SCOH,D,20100817,000000,242.97000,242.97000,239.19000,242.00000
SCOH,D,20100818,000000,242.40000,244.00000,240.19000,243.55000
SCOH,D,20100819,000000,243.83000,244.94000,242.04000,243.47000
SCOH,D,20100820,000000,243.77000,243.91000,240.05000,240.97000
SCOH,D,20100823,000000,241.98000,242.00000,239.75000,241.00000
SCOH,D,20100824,000000,238.80000,240.99000,236.90000,238.98000
SCOH,D,20100825,000000,238.11000,240.00000,235.63000,237.46000
SCOH,D,20100826,000000,238.99000,238.99000,236.06000,237.29000
SCOH,D,20100827,000000,238.00000,238.96000,231.22000,237.84000
SCOH,D,20100830,000000,238.85000,239.99000,237.00000,239.60000
SCOH,D,20100831,000000,238.00000,239.99000,235.27000,238.50000
SCOH,D,20100901,000000,238.00000,241.93000,237.00000,241.93000
SCOH,D,20100902,000000,242.49000,242.50000,239.48000,241.99000
SCOH,D,20100903,000000,240.07000,242.49000,240.00000,241.50000
SCOH,D,20100906,000000,242.47000,251.00000,242.28000,251.00000
SCOH,D,20100907,000000,250.59000,258.53000,249.99000,250.60000
SCOH,D,20100908,000000,249.04000,250.90000,246.00000,250.40000
SCOH,D,20100909,000000,251.53000,253.89000,250.03000,253.46000
SCOH,D,20100910,000000,253.46000,253.46000,250.50000,251.00000
SCOH,D,20100913,000000,251.53000,254.70000,251.00000,253.19000
SCOH,D,20100914,000000,254.05000,255.00000,248.57000,249.05000
SCOH,D,20100915,000000,248.73000,249.97000,246.00000,249.81000
SCOH,D,20100916,000000,246.58000,248.90000,241.11000,244.95000
SCOH,D,20100917,000000,244.92000,246.64000,240.08000,242.86000
SCOH,D,20100920,000000,243.61000,244.49000,241.81000,243.50000
SCOH,D,20100921,000000,241.76000,244.00000,240.55000,243.99000
SCOH,D,20100922,000000,243.00000,243.19000,238.02000,239.50000
SCOH,D,20100923,000000,239.95000,244.98000,238.00000,240.00000
SCOH,D,20100924,000000,238.06000,241.50000,235.02000,241.50000
SCOH,D,20100927,000000,239.15000,243.00000,239.15000,240.14000
SCOH,D,20100928,000000,238.61000,238.72000,232.00000,236.25000
SCOH,D,20100929,000000,238.00000,242.40000,236.00000,242.00000
SCOH,D,20100930,000000,242.00000,265.00000,240.50000,265.00000
SCOH,D,20101001,000000,259.51000,310.00000,250.23000,255.77000
SCOH,D,20101004,000000,257.00000,265.00000,250.37000,265.00000
SCOH,D,20101005,000000,279.75000,279.75000,265.80000,276.98000
SCOH,D,20101006,000000,290.83000,355.00000,271.00000,299.13000
SCOH,D,20101007,000000,300.00000,303.76000,279.01000,283.79000
SCOH,D,20101008,000000,290.00000,296.98000,274.10000,283.09000
SCOH,D,20101011,000000,287.00000,307.37000,285.56000,292.77000
SCOH,D,20101012,000000,291.49000,292.00000,280.16000,284.00000
SCOH,D,20101013,000000,300.01000,313.13000,275.00000,282.52000
SCOH,D,20101014,000000,283.20000,286.00000,275.00000,277.00000
SCOH,D,20101015,000000,275.42000,277.14000,263.61000,268.55000
SCOH,D,20101018,000000,269.00000,272.97000,265.00000,265.50000
SCOH,D,20101019,000000,265.54000,269.00000,259.20000,259.40000
SCOH,D,20101020,000000,261.00000,262.00000,255.03000,256.28000
SCOH,D,20101021,000000,257.00000,257.00000,239.50000,251.55000
SCOH,D,20101022,000000,251.00000,255.74000,249.10000,253.01000
SCOH,D,20101025,000000,253.11000,255.12000,249.23000,251.98000
SCOH,D,20101026,000000,251.00000,253.49000,248.98000,249.95000
SCOH,D,20101027,000000,250.00000,251.94000,247.04000,249.85000
SCOH,D,20101028,000000,250.00000,254.85000,248.61000,250.00000
SCOH,D,20101029,000000,249.83000,251.50000,242.00000,250.57000
SCOH,D,20101101,000000,248.61000,256.90000,248.08000,249.97000
SCOH,D,20101102,000000,251.45000,255.90000,250.03000,253.00000
SCOH,D,20101103,000000,252.29000,254.41000,251.01000,252.00000
SCOH,D,20101108,000000,252.00000,256.00000,250.00000,254.99000
SCOH,D,20101109,000000,255.00000,256.00000,253.00000,255.38000
SCOH,D,20101110,000000,255.00000,255.39000,252.50000,253.99000
SCOH,D,20101111,000000,253.00000,253.90000,248.00000,250.90000
SCOH,D,20101112,000000,249.58000,251.86000,248.00000,249.94000
SCOH,D,20101113,000000,249.98000,252.00000,248.60000,251.44000
SCOH,D,20101115,000000,251.53000,253.01000,250.00000,252.27000
SCOH,D,20101116,000000,252.47000,252.47000,249.02000,249.02000
SCOH,D,20101117,000000,249.14000,250.60000,240.00000,245.77000
SCOH,D,20101118,000000,246.00000,249.47000,245.35000,248.46000
SCOH,D,20101119,000000,247.12000,264.99000,246.09000,253.94000
