<TICKER>,<PER>,<DATE>,<TIME>,<OPEN>,<HIGH>,<LOW>,<CLOSE>
GAZP,D,20060123,000000,239.00000,239.00000,218.49000,218.89000
GAZP,D,20060124,000000,220.50000,224.68000,219.66000,224.00000
GAZP,D,20060125,000000,225.20000,231.00000,225.00000,228.38000
GAZP,D,20060126,000000,228.90000,229.41000,223.51000,224.47000
GAZP,D,20060127,000000,226.20000,231.50000,224.00000,228.75000
GAZP,D,20060130,000000,231.07000,231.07000,215.00000,216.00000
GAZP,D,20060131,000000,218.00000,224.23000,215.71000,219.02000
GAZP,D,20060201,000000,219.50000,223.99000,215.00000,223.99000
GAZP,D,20060202,000000,223.90000,224.50000,220.00000,221.50000
GAZP,D,20060203,000000,218.75000,221.30000,217.01000,221.01000
GAZP,D,20060206,000000,221.75000,222.45000,219.16000,220.45000
GAZP,D,20060207,000000,219.90000,220.70000,218.20000,220.50000
GAZP,D,20060208,000000,219.00000,221.59000,215.50000,221.00000
GAZP,D,20060209,000000,221.49000,224.80000,220.50000,222.00000
GAZP,D,20060210,000000,222.58000,223.60000,221.51000,222.00000
GAZP,D,20060213,000000,221.95000,222.00000,218.57000,219.95000
GAZP,D,20060214,000000,219.75000,220.85000,218.60000,219.89000
GAZP,D,20060215,000000,219.80000,220.00000,218.83000,219.78000
GAZP,D,20060216,000000,219.88000,220.47000,218.93000,220.00000
GAZP,D,20060217,000000,220.50000,227.33000,220.50000,226.50000
GAZP,D,20060220,000000,227.37000,229.99000,227.37000,228.20000
GAZP,D,20060221,000000,230.01000,230.16000,224.55000,225.00000
GAZP,D,20060222,000000,225.45000,226.50000,224.11000,225.38000
GAZP,D,20060226,000000,226.00000,229.60000,225.38000,227.38000
GAZP,D,20060227,000000,227.80000,228.20000,225.05000,225.21000
GAZP,D,20060228,000000,225.30000,225.30000,217.01000,218.79000
GAZP,D,20060301,000000,219.00000,220.50000,214.60000,217.98000
GAZP,D,20060302,000000,218.75000,220.86000,217.50000,218.98000
GAZP,D,20060303,000000,220.17000,228.90000,220.00000,228.90000
GAZP,D,20060306,000000,230.10000,239.37000,230.10000,231.99000
GAZP,D,20060307,000000,230.21000,230.50000,221.97000,223.86000
GAZP,D,20060309,000000,219.97000,221.80000,215.11000,219.20000
GAZP,D,20060310,000000,219.57000,221.88000,216.30000,217.11000
GAZP,D,20060313,000000,219.19000,223.49000,218.21000,223.30000
GAZP,D,20060314,000000,224.77000,225.55000,218.22000,220.35000
GAZP,D,20060315,000000,222.15000,223.30000,219.55000,221.23000
GAZP,D,20060316,000000,221.50000,223.00000,219.40000,220.70000
GAZP,D,20060317,000000,222.07000,229.49000,221.41000,229.30000
GAZP,D,20060320,000000,229.99000,232.20000,224.50000,225.75000
GAZP,D,20060321,000000,224.50000,227.20000,222.60000,224.40000
GAZP,D,20060322,000000,225.60000,225.60000,223.70000,225.19000
GAZP,D,20060323,000000,225.50000,228.25000,225.30000,226.50000
GAZP,D,20060324,000000,226.88000,229.91000,225.55000,229.90000
GAZP,D,20060327,000000,230.56000,235.28000,229.16000,231.63000
GAZP,D,20060328,000000,231.51000,232.00000,227.79000,228.45000
GAZP,D,20060329,000000,228.00000,229.30000,227.00000,228.62000
GAZP,D,20060330,000000,230.20000,231.49000,229.50000,230.40000
GAZP,D,20060331,000000,230.50000,233.40000,229.50000,230.15000
GAZP,D,20060403,000000,230.98000,232.20000,230.10000,230.50000
GAZP,D,20060404,000000,231.70000,232.80000,230.50000,231.52000
GAZP,D,20060405,000000,232.00000,240.70000,231.55000,238.50000
GAZP,D,20060406,000000,240.20000,244.69000,240.00000,243.30000
GAZP,D,20060407,000000,242.00000,251.00000,241.50000,250.29000
GAZP,D,20060410,000000,253.03000,268.90000,252.00000,268.70000
GAZP,D,20060411,000000,270.40000,275.42000,262.40000,262.50000
GAZP,D,20060412,000000,262.00000,265.99000,258.35000,264.70000
GAZP,D,20060413,000000,266.07000,266.70000,259.81000,263.49000
GAZP,D,20060414,000000,264.90000,268.00000,262.30000,267.90000
GAZP,D,20060417,000000,269.00000,271.48000,267.53000,269.45000
GAZP,D,20060418,000000,271.00000,273.29000,270.30000,271.69000
GAZP,D,20060419,000000,273.40000,278.30000,273.35000,278.29000
GAZP,D,20060420,000000,279.50000,280.95000,274.11000,276.11000
GAZP,D,20060421,000000,275.00000,280.40000,273.30000,280.19000
GAZP,D,20060424,000000,281.50000,287.32000,280.50000,286.97000
GAZP,D,20060425,000000,285.00000,289.22000,283.69000,285.00000
GAZP,D,20060426,000000,285.75000,309.85000,285.50000,309.30000
GAZP,D,20060427,000000,311.55000,325.40000,297.00000,304.70000
GAZP,D,20060428,000000,305.00000,311.77000,302.00000,310.25000
GAZP,D,20060502,000000,315.00000,323.05000,315.00000,320.30000
GAZP,D,20060503,000000,325.25000,327.90000,318.30000,323.36000
GAZP,D,20060504,000000,321.78000,332.49000,320.30000,332.48000
GAZP,D,20060505,000000,332.07000,338.50000,331.01000,336.35000
GAZP,D,20060506,000000,337.95000,350.79000,337.10000,350.25000
GAZP,D,20060510,000000,352.50000,359.27000,329.40000,331.80000
GAZP,D,20060511,000000,334.99000,346.70000,311.00000,334.92000
GAZP,D,20060512,000000,328.90000,328.90000,316.25000,320.20000
GAZP,D,20060515,000000,314.00000,316.49000,296.01000,301.99000
GAZP,D,20060516,000000,300.00000,310.10000,286.52000,306.99000
GAZP,D,20060517,000000,310.00000,315.99000,290.03000,292.20000
GAZP,D,20060518,000000,284.98000,295.00000,275.26000,283.50000
GAZP,D,20060519,000000,287.23000,291.00000,273.07000,273.50000
GAZP,D,20060522,000000,273.00000,275.60000,232.00000,240.68000
GAZP,D,20060523,000000,248.20000,269.80000,229.54000,267.00000
GAZP,D,20060524,000000,268.00000,268.50000,246.10000,258.49000
GAZP,D,20060525,000000,253.70000,275.65000,251.15000,272.40000
GAZP,D,20060526,000000,279.90000,293.45000,277.48000,291.30000
GAZP,D,20060529,000000,296.00000,300.79000,281.50000,282.49000
GAZP,D,20060530,000000,283.76000,292.80000,271.50000,282.90000
GAZP,D,20060531,000000,272.25000,295.10000,270.00000,283.00000
GAZP,D,20060601,000000,287.56000,289.69000,280.51000,287.99000
GAZP,D,20060602,000000,292.03000,302.00000,292.00000,298.90000
GAZP,D,20060605,000000,304.00000,306.00000,295.33000,297.86000
GAZP,D,20060606,000000,289.70000,290.94000,276.50000,277.66000
GAZP,D,20060607,000000,277.00000,281.50000,265.55000,280.40000
GAZP,D,20060608,000000,268.27000,269.50000,251.22000,251.50000
GAZP,D,20060609,000000,259.89000,264.38000,250.01000,255.67000
GAZP,D,20060613,000000,239.00000,243.50000,226.40000,228.00000
GAZP,D,20060614,000000,227.00000,245.80000,219.00000,244.00000
GAZP,D,20060615,000000,250.12000,258.60000,246.15000,257.88000
GAZP,D,20060616,000000,268.00000,273.37000,245.00000,258.17000
GAZP,D,20060619,000000,258.00000,269.45000,252.23000,259.99000
GAZP,D,20060620,000000,255.80000,264.98000,250.45000,264.00000
GAZP,D,20060621,000000,265.00000,268.45000,255.53000,264.00000
GAZP,D,20060622,000000,269.90000,272.50000,259.00000,259.15000
GAZP,D,20060623,000000,259.67000,262.59000,256.50000,260.00000
GAZP,D,20060626,000000,260.70000,262.37000,252.75000,257.90000
GAZP,D,20060627,000000,260.34000,268.85000,257.33000,266.22000
GAZP,D,20060628,000000,262.40000,267.49000,259.50000,266.31000
GAZP,D,20060629,000000,268.50000,276.75000,264.50000,275.50000
GAZP,D,20060630,000000,286.52000,289.48000,278.20000,281.83000
GAZP,D,20060703,000000,283.50000,286.67000,282.00000,285.65000
GAZP,D,20060704,000000,286.95000,287.97000,281.01000,286.80000
GAZP,D,20060705,000000,285.50000,285.83000,271.50000,273.21000
GAZP,D,20060706,000000,275.00000,285.33000,272.14000,285.00000
GAZP,D,20060707,000000,285.20000,285.45000,275.02000,277.85000
GAZP,D,20060710,000000,274.90000,280.30000,274.50000,280.00000
GAZP,D,20060711,000000,279.00000,280.85000,273.60000,274.55000
GAZP,D,20060712,000000,277.22000,281.20000,275.61000,277.01000
GAZP,D,20060713,000000,275.00000,277.39000,259.22000,261.60000
GAZP,D,20060714,000000,257.50000,271.33000,252.54000,265.00000
GAZP,D,20060717,000000,261.30000,264.00000,254.50000,258.12000
GAZP,D,20060718,000000,257.00000,264.93000,254.50000,262.97000
GAZP,D,20060719,000000,263.50000,271.84000,257.90000,271.20000
GAZP,D,20060720,000000,276.78000,277.30000,267.67000,268.30000
GAZP,D,20060721,000000,267.00000,269.13000,264.50000,266.88000
GAZP,D,20060724,000000,265.89000,272.14000,264.61000,272.00000
GAZP,D,20060725,000000,274.99000,274.99000,269.50000,269.77000
GAZP,D,20060726,000000,272.00000,273.08000,269.80000,270.75000
GAZP,D,20060727,000000,271.53000,281.49000,271.53000,280.80000
GAZP,D,20060728,000000,278.90000,281.21000,276.20000,279.55000
GAZP,D,20060731,000000,281.98000,282.50000,276.75000,277.88000
GAZP,D,20060801,000000,278.55000,282.36000,274.60000,275.66000
GAZP,D,20060802,000000,275.01000,280.87000,275.01000,280.51000
GAZP,D,20060803,000000,282.00000,284.89000,277.51000,284.89000
GAZP,D,20060804,000000,285.00000,292.50000,282.11000,290.99000
GAZP,D,20060807,000000,287.79000,295.50000,286.50000,294.49000
GAZP,D,20060808,000000,295.50000,299.69000,293.15000,294.20000
GAZP,D,20060809,000000,295.10000,306.80000,294.70000,304.82000
GAZP,D,20060810,000000,303.00000,308.52000,298.13000,306.05000
GAZP,D,20060811,000000,307.10000,314.85000,307.00000,313.45000
GAZP,D,20060814,000000,314.99000,319.40000,311.55000,312.10000
GAZP,D,20060815,000000,312.97000,313.49000,302.80000,312.40000
GAZP,D,20060816,000000,314.70000,317.10000,308.53000,312.99000
GAZP,D,20060817,000000,313.99000,314.10000,304.55000,304.68000
GAZP,D,20060818,000000,305.20000,306.44000,289.45000,292.40000
GAZP,D,20060821,000000,295.90000,303.25000,291.21000,300.15000
GAZP,D,20060822,000000,301.89000,307.99000,301.20000,307.90000
GAZP,D,20060823,000000,306.25000,312.39000,301.22000,309.17000
GAZP,D,20060824,000000,306.19000,311.30000,303.06000,308.10000
GAZP,D,20060825,000000,311.11000,314.80000,310.00000,313.29000
GAZP,D,20060828,000000,312.50000,313.67000,310.36000,311.20000
GAZP,D,20060829,000000,312.00000,317.78000,307.54000,310.00000
GAZP,D,20060830,000000,310.00000,314.77000,310.00000,312.30000
GAZP,D,20060831,000000,314.97000,318.20000,311.91000,313.45000
GAZP,D,20060901,000000,313.69000,314.36000,308.67000,309.19000
GAZP,D,20060904,000000,312.20000,313.20000,307.01000,311.20000
GAZP,D,20060905,000000,310.32000,311.49000,308.20000,310.65000
GAZP,D,20060906,000000,311.00000,311.00000,299.50000,302.20000
GAZP,D,20060907,000000,298.51000,298.70000,291.77000,294.98000
GAZP,D,20060908,000000,293.40000,299.25000,291.00000,298.01000
GAZP,D,20060911,000000,295.51000,295.51000,283.00000,284.44000
GAZP,D,20060912,000000,286.50000,290.25000,283.65000,289.90000
GAZP,D,20060913,000000,286.89000,294.90000,285.00000,293.99000
GAZP,D,20060914,000000,296.50000,300.49000,291.70000,292.18000
GAZP,D,20060915,000000,288.00000,294.70000,287.85000,291.75000
GAZP,D,20060918,000000,293.99000,295.48000,290.81000,293.82000
GAZP,D,20060919,000000,296.00000,296.89000,293.50000,294.75000
GAZP,D,20060920,000000,289.96000,290.00000,284.65000,288.01000
GAZP,D,20060921,000000,286.40000,289.35000,278.12000,280.80000
GAZP,D,20060922,000000,281.50000,282.97000,270.75000,272.00000
GAZP,D,20060925,000000,269.99000,270.80000,261.51000,262.10000
GAZP,D,20060926,000000,267.10000,274.15000,266.17000,273.91000
GAZP,D,20060927,000000,276.35000,280.99000,274.13000,276.61000
GAZP,D,20060928,000000,284.00000,290.95000,283.70000,289.70000
GAZP,D,20060929,000000,289.49000,293.30000,285.10000,288.00000
GAZP,D,20061002,000000,290.25000,292.45000,287.00000,290.10000
GAZP,D,20061003,000000,285.90000,286.67000,281.33000,282.30000
GAZP,D,20061004,000000,278.90000,288.52000,277.32000,286.19000
GAZP,D,20061005,000000,292.11000,297.26000,290.23000,295.69000
GAZP,D,20061006,000000,294.63000,296.90000,290.12000,293.20000
GAZP,D,20061009,000000,293.70000,300.77000,290.80000,300.18000
GAZP,D,20061010,000000,299.20000,301.90000,291.75000,294.82000
GAZP,D,20061011,000000,292.20000,296.40000,288.79000,295.49000
GAZP,D,20061012,000000,292.01000,293.69000,287.56000,290.60000
GAZP,D,20061013,000000,293.50000,299.70000,292.39000,298.25000
GAZP,D,20061016,000000,300.11000,300.90000,294.54000,297.78000
GAZP,D,20061017,000000,301.50000,302.75000,293.51000,294.00000
GAZP,D,20061018,000000,293.40000,300.20000,293.20000,299.69000
GAZP,D,20061019,000000,298.55000,301.30000,297.60000,300.10000
GAZP,D,20061020,000000,302.30000,303.40000,295.60000,297.20000
GAZP,D,20061023,000000,296.00000,296.98000,291.00000,293.69000
GAZP,D,20061024,000000,294.80000,294.88000,289.98000,293.05000
GAZP,D,20061025,000000,294.03000,296.25000,292.35000,296.25000
GAZP,D,20061026,000000,299.55000,299.85000,290.07000,291.50000
GAZP,D,20061027,000000,291.00000,291.30000,284.25000,286.13000
GAZP,D,20061030,000000,284.60000,285.17000,276.05000,277.28000
GAZP,D,20061031,000000,276.40000,284.70000,275.50000,282.19000
GAZP,D,20061101,000000,283.60000,291.39000,281.90000,291.00000
GAZP,D,20061102,000000,289.49000,291.50000,286.21000,287.99000
GAZP,D,20061103,000000,287.70000,291.80000,287.10000,291.00000
GAZP,D,20061107,000000,294.00000,295.24000,292.20000,292.74000
GAZP,D,20061108,000000,291.98000,292.33000,288.40000,289.70000
GAZP,D,20061109,000000,291.50000,294.70000,291.11000,292.80000
GAZP,D,20061110,000000,292.30000,292.88000,287.87000,291.99000
GAZP,D,20061113,000000,290.58000,294.23000,289.30000,290.97000
GAZP,D,20061114,000000,291.40000,294.80000,289.16000,293.53000
GAZP,D,20061115,000000,294.14000,298.11000,292.38000,294.00000
GAZP,D,20061116,000000,294.60000,295.33000,291.82000,293.64000
GAZP,D,20061117,000000,289.66000,290.65000,284.67000,288.03000
GAZP,D,20061120,000000,287.50000,288.41000,284.04000,285.69000
GAZP,D,20061121,000000,287.05000,292.89000,286.80000,291.40000
GAZP,D,20061122,000000,293.50000,295.00000,287.90000,288.01000
GAZP,D,20061123,000000,289.00000,292.00000,288.10000,289.70000
GAZP,D,20061124,000000,289.60000,291.48000,288.00000,289.99000
GAZP,D,20061127,000000,291.74000,292.00000,288.15000,288.75000
GAZP,D,20061128,000000,288.70000,295.35000,285.90000,295.19000
GAZP,D,20061129,000000,296.26000,305.70000,296.26000,305.45000
GAZP,D,20061130,000000,308.00000,311.00000,302.85000,305.50000
GAZP,D,20061201,000000,306.90000,310.01000,302.25000,303.49000
GAZP,D,20061204,000000,305.11000,307.75000,303.75000,304.99000
GAZP,D,20061205,000000,306.10000,310.22000,306.00000,308.00000
GAZP,D,20061206,000000,309.82000,311.80000,306.49000,308.70000
GAZP,D,20061207,000000,309.01000,310.30000,307.30000,307.80000
GAZP,D,20061208,000000,308.72000,308.99000,305.50000,305.70000
GAZP,D,20061211,000000,306.00000,307.45000,299.89000,301.69000
GAZP,D,20061212,000000,302.49000,302.50000,294.50000,297.10000
GAZP,D,20061213,000000,297.04000,298.00000,290.94000,297.80000
GAZP,D,20061214,000000,298.22000,303.20000,298.12000,303.18000
GAZP,D,20061215,000000,304.35000,306.45000,301.82000,304.70000
GAZP,D,20061218,000000,305.00000,305.33000,302.14000,302.20000
GAZP,D,20061219,000000,301.00000,301.00000,294.73000,299.50000
GAZP,D,20061220,000000,301.10000,303.30000,299.86000,301.50000
GAZP,D,20061221,000000,302.90000,306.40000,299.52000,305.00000
GAZP,D,20061222,000000,305.98000,307.37000,302.90000,303.60000
GAZP,D,20061225,000000,304.00000,304.66000,300.24000,300.70000
GAZP,D,20061226,000000,301.50000,302.00000,298.34000,299.68000
GAZP,D,20061227,000000,299.95000,302.66000,297.87000,301.66000
GAZP,D,20061228,000000,302.10000,304.87000,300.70000,302.33000
GAZP,D,20061229,000000,302.18000,303.47000,301.81000,302.56000
GAZP,D,20070109,000000,298.00000,298.00000,286.12000,286.68000
GAZP,D,20070110,000000,287.60000,292.35000,281.36000,291.77000
GAZP,D,20070111,000000,289.01000,294.90000,287.50000,292.00000
GAZP,D,20070112,000000,289.97000,291.56000,286.30000,287.50000
GAZP,D,20070115,000000,290.99000,294.99000,290.10000,294.12000
GAZP,D,20070116,000000,293.51000,296.60000,287.00000,287.00000
GAZP,D,20070117,000000,286.51000,288.99000,278.40000,279.19000
GAZP,D,20070118,000000,284.00000,286.25000,278.51000,278.77000
GAZP,D,20070119,000000,278.99000,285.50000,276.40000,285.44000
GAZP,D,20070122,000000,289.00000,290.40000,285.70000,288.89000
GAZP,D,20070123,000000,286.00000,287.77000,284.45000,285.70000
GAZP,D,20070124,000000,289.90000,291.35000,286.04000,287.59000
GAZP,D,20070125,000000,289.21000,292.85000,288.50000,290.20000
GAZP,D,20070126,000000,287.92000,288.35000,286.25000,286.80000
GAZP,D,20070129,000000,289.50000,289.50000,282.84000,283.45000
GAZP,D,20070130,000000,281.48000,285.87000,280.00000,285.30000
GAZP,D,20070131,000000,289.00000,289.23000,283.51000,285.00000
GAZP,D,20070201,000000,288.32000,292.20000,286.90000,287.95000
GAZP,D,20070202,000000,288.96000,290.45000,287.81000,289.05000
GAZP,D,20070205,000000,291.78000,291.98000,288.01000,290.12000
GAZP,D,20070206,000000,289.25000,293.98000,289.10000,290.85000
GAZP,D,20070207,000000,290.45000,290.80000,285.70000,286.39000
GAZP,D,20070208,000000,284.80000,285.39000,279.02000,280.10000
GAZP,D,20070209,000000,284.19000,284.84000,277.50000,278.47000
GAZP,D,20070212,000000,277.00000,277.00000,268.31000,268.80000
GAZP,D,20070213,000000,267.00000,276.49000,265.08000,274.70000
GAZP,D,20070214,000000,278.90000,281.88000,276.81000,281.87000
GAZP,D,20070215,000000,281.10000,282.90000,278.07000,278.92000
GAZP,D,20070216,000000,279.50000,283.34000,276.55000,282.50000
GAZP,D,20070219,000000,283.55000,286.69000,283.21000,283.52000
GAZP,D,20070220,000000,284.00000,284.48000,278.52000,278.53000
GAZP,D,20070221,000000,279.47000,282.10000,278.81000,280.20000
GAZP,D,20070222,000000,282.50000,283.41000,281.04000,282.00000
GAZP,D,20070226,000000,284.18000,285.80000,282.75000,284.95000
GAZP,D,20070227,000000,283.20000,283.45000,272.30000,276.30000
GAZP,D,20070228,000000,270.49000,270.99000,262.01000,267.42000
GAZP,D,20070301,000000,266.25000,270.40000,249.00000,256.77000
GAZP,D,20070302,000000,258.50000,261.48000,253.71000,260.90000
GAZP,D,20070305,000000,249.75000,250.50000,239.80000,250.00000
GAZP,D,20070306,000000,253.88000,256.49000,251.81000,253.53000
GAZP,D,20070307,000000,256.51000,257.88000,250.29000,254.09000
GAZP,D,20070309,000000,260.15000,268.51000,259.69000,264.84000
GAZP,D,20070312,000000,264.00000,268.20000,259.75000,261.05000
GAZP,D,20070313,000000,261.98000,264.17000,257.52000,260.30000
GAZP,D,20070314,000000,248.97000,254.85000,243.00000,253.80000
GAZP,D,20070315,000000,256.50000,258.87000,251.77000,255.45000
GAZP,D,20070316,000000,254.10000,256.44000,253.10000,254.60000
GAZP,D,20070319,000000,257.12000,258.50000,254.42000,258.00000
GAZP,D,20070320,000000,259.00000,259.55000,251.53000,254.50000
GAZP,D,20070321,000000,255.00000,255.00000,251.01000,253.12000
GAZP,D,20070322,000000,257.60000,263.19000,254.25000,260.49000
GAZP,D,20070323,000000,261.70000,269.56000,259.55000,269.20000
GAZP,D,20070326,000000,270.01000,275.40000,270.00000,274.50000
GAZP,D,20070327,000000,272.00000,273.29000,267.78000,268.81000
GAZP,D,20070328,000000,269.90000,274.70000,268.55000,271.97000
GAZP,D,20070329,000000,270.15000,274.42000,270.01000,273.80000
GAZP,D,20070330,000000,276.50000,277.45000,269.80000,270.98000
GAZP,D,20070402,000000,270.98000,271.29000,267.30000,269.48000
GAZP,D,20070403,000000,270.70000,271.00000,265.15000,266.77000
GAZP,D,20070404,000000,268.10000,272.60000,267.01000,268.60000
GAZP,D,20070405,000000,269.77000,270.90000,268.40000,270.22000
GAZP,D,20070406,000000,270.18000,270.22000,267.54000,267.89000
GAZP,D,20070409,000000,269.19000,271.90000,268.30000,269.25000
GAZP,D,20070410,000000,266.95000,269.56000,265.07000,268.50000
GAZP,D,20070411,000000,270.48000,276.48000,270.02000,273.81000
GAZP,D,20070412,000000,272.63000,274.90000,270.20000,270.51000
GAZP,D,20070413,000000,273.98000,274.50000,271.50000,271.90000
GAZP,D,20070416,000000,271.90000,272.01000,265.62000,267.50000
GAZP,D,20070417,000000,266.04000,266.09000,260.50000,260.95000
GAZP,D,20070418,000000,259.57000,261.50000,257.00000,257.60000
GAZP,D,20070419,000000,254.90000,255.00000,249.50000,251.98000
GAZP,D,20070420,000000,255.47000,260.40000,254.61000,260.30000
GAZP,D,20070423,000000,261.60000,262.49000,256.10000,258.10000
GAZP,D,20070424,000000,258.15000,259.80000,255.31000,257.65000
GAZP,D,20070425,000000,255.47000,261.57000,254.11000,260.25000
GAZP,D,20070426,000000,262.80000,263.45000,258.47000,260.00000
GAZP,D,20070427,000000,259.50000,259.75000,254.00000,255.50000
GAZP,D,20070428,000000,256.50000,257.67000,255.50000,257.49000
GAZP,D,20070502,000000,254.88000,258.29000,252.54000,254.70000
GAZP,D,20070503,000000,255.41000,256.39000,253.81000,254.30000
GAZP,D,20070504,000000,253.23000,254.97000,250.10000,253.82000
GAZP,D,20070507,000000,254.00000,256.65000,253.51000,254.50000
GAZP,D,20070508,000000,254.00000,254.95000,250.05000,250.88000
GAZP,D,20070510,000000,251.99000,253.81000,246.01000,247.70000
GAZP,D,20070511,000000,245.00000,247.31000,242.70000,243.48000
GAZP,D,20070514,000000,245.85000,247.00000,239.25000,242.71000
GAZP,D,20070515,000000,241.49000,241.49000,237.07000,238.30000
GAZP,D,20070516,000000,239.33000,246.00000,233.23000,245.80000
GAZP,D,20070517,000000,246.74000,249.30000,242.31000,244.19000
GAZP,D,20070518,000000,246.00000,249.10000,244.24000,248.70000
GAZP,D,20070521,000000,250.52000,251.20000,246.61000,247.39000
GAZP,D,20070522,000000,248.06000,248.60000,243.77000,247.58000
GAZP,D,20070523,000000,246.72000,247.48000,240.60000,241.60000
GAZP,D,20070524,000000,239.20000,240.00000,232.31000,237.10000
GAZP,D,20070525,000000,233.40000,240.80000,233.40000,238.50000
GAZP,D,20070528,000000,240.37000,240.60000,231.80000,234.22000
GAZP,D,20070529,000000,234.34000,235.88000,227.37000,229.25000
GAZP,D,20070530,000000,225.80000,229.35000,222.65000,227.99000
GAZP,D,20070531,000000,230.53000,236.15000,229.60000,236.00000
GAZP,D,20070601,000000,236.96000,245.50000,233.60000,244.80000
GAZP,D,20070604,000000,243.80000,247.30000,240.50000,246.30000
GAZP,D,20070605,000000,246.07000,251.46000,246.07000,247.00000
GAZP,D,20070606,000000,247.07000,249.39000,241.58000,244.00000
GAZP,D,20070607,000000,242.50000,246.70000,240.65000,241.28000
GAZP,D,20070608,000000,239.00000,241.98000,237.26000,241.30000
GAZP,D,20070609,000000,242.10000,243.93000,240.55000,243.00000
GAZP,D,20070613,000000,242.10000,246.87000,241.01000,246.64000
GAZP,D,20070614,000000,249.50000,257.87000,248.35000,257.70000
GAZP,D,20070615,000000,259.00000,265.20000,257.30000,265.00000
GAZP,D,20070618,000000,266.50000,268.44000,264.02000,264.82000
GAZP,D,20070619,000000,264.01000,266.97000,262.29000,264.69000
GAZP,D,20070620,000000,266.20000,269.49000,264.80000,268.24000
GAZP,D,20070621,000000,265.80000,268.44000,262.10000,262.40000
GAZP,D,20070622,000000,263.20000,265.30000,261.10000,262.96000
GAZP,D,20070625,000000,261.00000,263.99000,257.70000,257.88000
GAZP,D,20070626,000000,259.00000,262.50000,256.55000,261.99000
GAZP,D,20070627,000000,259.50000,260.87000,258.18000,260.34000
GAZP,D,20070628,000000,263.55000,266.66000,263.00000,264.53000
GAZP,D,20070629,000000,269.99000,270.40000,264.30000,267.74000
GAZP,D,20070702,000000,267.94000,275.17000,267.03000,272.17000
GAZP,D,20070703,000000,273.80000,275.00000,271.50000,273.12000
GAZP,D,20070704,000000,273.49000,273.49000,270.03000,270.45000
GAZP,D,20070705,000000,271.20000,275.89000,270.80000,273.95000
GAZP,D,20070706,000000,273.23000,275.00000,271.77000,274.80000
GAZP,D,20070709,000000,275.90000,278.18000,275.25000,278.00000
GAZP,D,20070710,000000,273.90000,276.50000,272.01000,273.00000
GAZP,D,20070711,000000,270.50000,277.28000,270.25000,276.30000
GAZP,D,20070712,000000,278.00000,284.75000,277.80000,284.74000
GAZP,D,20070713,000000,287.90000,289.28000,285.75000,287.67000
GAZP,D,20070716,000000,287.00000,292.99000,285.30000,292.06000
GAZP,D,20070717,000000,290.90000,291.68000,286.05000,290.25000
GAZP,D,20070718,000000,287.30000,288.81000,283.14000,286.40000
GAZP,D,20070719,000000,288.00000,293.71000,287.50000,292.51000
GAZP,D,20070720,000000,293.10000,294.40000,289.50000,291.27000
GAZP,D,20070723,000000,287.00000,292.75000,286.70000,291.32000
GAZP,D,20070724,000000,291.70000,292.50000,283.21000,283.30000
GAZP,D,20070725,000000,280.55000,283.80000,279.27000,283.50000
GAZP,D,20070726,000000,284.50000,285.24000,273.00000,273.50000
GAZP,D,20070727,000000,268.30000,272.25000,262.70000,268.40000
GAZP,D,20070730,000000,268.30000,273.75000,266.51000,271.65000
GAZP,D,20070731,000000,273.67000,276.45000,272.55000,275.60000
GAZP,D,20070801,000000,270.16000,271.17000,264.75000,269.95000
GAZP,D,20070802,000000,272.00000,273.90000,269.04000,273.80000
GAZP,D,20070803,000000,274.67000,279.19000,272.81000,277.39000
GAZP,D,20070806,000000,271.03000,273.66000,269.60000,271.47000
GAZP,D,20070807,000000,272.90000,275.53000,271.83000,273.20000
GAZP,D,20070808,000000,275.08000,280.35000,274.99000,280.03000
GAZP,D,20070809,000000,282.20000,282.48000,270.50000,271.90000
GAZP,D,20070810,000000,266.27000,268.97000,263.12000,266.13000
GAZP,D,20070813,000000,269.87000,271.50000,267.55000,270.83000
GAZP,D,20070814,000000,269.83000,270.80000,267.58000,269.01000
GAZP,D,20070815,000000,264.84000,265.87000,262.87000,263.75000
GAZP,D,20070816,000000,258.75000,260.55000,254.65000,258.95000
GAZP,D,20070817,000000,256.80000,264.64000,251.82000,263.99000
GAZP,D,20070820,000000,264.50000,265.90000,260.36000,261.49000
GAZP,D,20070821,000000,262.40000,263.00000,254.00000,258.89000
GAZP,D,20070822,000000,259.00000,263.78000,257.00000,263.56000
GAZP,D,20070823,000000,265.00000,267.21000,263.31000,264.19000
GAZP,D,20070824,000000,263.00000,263.79000,260.62000,262.19000
GAZP,D,20070827,000000,264.95000,266.95000,264.31000,265.15000
GAZP,D,20070828,000000,264.50000,265.10000,262.01000,262.50000
GAZP,D,20070829,000000,258.50000,261.70000,257.85000,261.58000
GAZP,D,20070830,000000,263.50000,264.79000,260.50000,261.01000
GAZP,D,20070831,000000,263.02000,266.55000,263.00000,265.80000
GAZP,D,20070903,000000,266.11000,266.40000,264.15000,264.92000
GAZP,D,20070904,000000,264.03000,264.63000,262.07000,263.00000
GAZP,D,20070905,000000,264.10000,264.67000,261.79000,262.00000
GAZP,D,20070906,000000,262.55000,266.96000,262.55000,266.69000
GAZP,D,20070907,000000,266.00000,266.48000,261.40000,262.02000
GAZP,D,20070910,000000,260.25000,262.21000,260.00000,260.90000
GAZP,D,20070911,000000,262.05000,263.89000,261.45000,263.19000
GAZP,D,20070912,000000,264.24000,264.67000,260.85000,262.01000
GAZP,D,20070913,000000,263.20000,270.25000,262.55000,269.98000
GAZP,D,20070914,000000,270.40000,270.87000,266.70000,268.19000
GAZP,D,20070917,000000,267.47000,268.09000,264.60000,265.90000
GAZP,D,20070918,000000,266.25000,269.37000,265.55000,268.00000
GAZP,D,20070919,000000,274.99000,277.14000,274.08000,276.54000
GAZP,D,20070920,000000,275.70000,275.80000,272.35000,274.00000
GAZP,D,20070921,000000,273.12000,273.88000,272.02000,272.25000
GAZP,D,20070924,000000,273.01000,274.28000,270.81000,273.00000
GAZP,D,20070925,000000,272.10000,273.21000,268.56000,269.20000
GAZP,D,20070926,000000,270.80000,273.60000,270.31000,273.55000
GAZP,D,20070927,000000,274.90000,275.80000,272.80000,273.80000
GAZP,D,20070928,000000,275.02000,275.40000,272.30000,274.20000
GAZP,D,20071001,000000,273.25000,273.98000,270.77000,272.12000
GAZP,D,20071002,000000,275.60000,282.50000,275.25000,282.30000
GAZP,D,20071003,000000,281.90000,284.77000,279.60000,280.30000
GAZP,D,20071004,000000,279.02000,284.83000,278.75000,283.71000
GAZP,D,20071005,000000,285.06000,290.86000,285.00000,289.50000
GAZP,D,20071008,000000,293.00000,293.70000,290.11000,292.05000
GAZP,D,20071009,000000,291.10000,294.20000,289.80000,293.98000
GAZP,D,20071010,000000,295.00000,295.66000,291.30000,292.00000
GAZP,D,20071011,000000,293.60000,297.50000,292.05000,297.00000
GAZP,D,20071012,000000,293.05000,294.79000,292.00000,293.40000
GAZP,D,20071015,000000,294.80000,296.45000,293.78000,295.14000
GAZP,D,20071016,000000,294.71000,295.50000,292.33000,293.17000
GAZP,D,20071017,000000,292.00000,294.17000,290.52000,293.20000
GAZP,D,20071018,000000,293.87000,294.00000,289.72000,290.40000
GAZP,D,20071019,000000,291.49000,291.90000,288.80000,289.25000
GAZP,D,20071022,000000,283.50000,286.00000,282.65000,284.45000
GAZP,D,20071023,000000,286.50000,288.10000,285.40000,286.70000
GAZP,D,20071024,000000,286.70000,286.77000,283.11000,284.19000
GAZP,D,20071025,000000,284.62000,290.50000,284.60000,287.15000
GAZP,D,20071026,000000,290.00000,295.20000,289.51000,295.02000
GAZP,D,20071029,000000,298.12000,304.45000,298.11000,303.80000
GAZP,D,20071030,000000,302.41000,305.19000,300.30000,304.75000
GAZP,D,20071031,000000,302.45000,306.99000,301.71000,306.68000
GAZP,D,20071101,000000,308.45000,315.48000,301.90000,305.40000
GAZP,D,20071102,000000,301.00000,310.95000,301.00000,307.92000
GAZP,D,20071106,000000,308.51000,316.37000,308.51000,315.00000
GAZP,D,20071107,000000,317.55000,319.55000,313.10000,317.61000
GAZP,D,20071108,000000,313.50000,323.75000,312.55000,323.25000
GAZP,D,20071109,000000,324.29000,328.50000,320.14000,320.93000
GAZP,D,20071112,000000,319.50000,325.75000,317.51000,321.15000
GAZP,D,20071113,000000,320.22000,322.00000,313.92000,317.70000
GAZP,D,20071114,000000,320.97000,322.38000,317.35000,320.70000
GAZP,D,20071115,000000,319.42000,320.30000,317.00000,318.20000
GAZP,D,20071116,000000,316.50000,317.48000,311.55000,313.20000
GAZP,D,20071119,000000,314.58000,317.90000,310.41000,310.95000
GAZP,D,20071120,000000,312.01000,314.84000,308.07000,313.20000
GAZP,D,20071121,000000,313.10000,313.70000,305.38000,306.50000
GAZP,D,20071122,000000,307.00000,308.48000,302.17000,308.10000
GAZP,D,20071123,000000,307.40000,310.36000,306.31000,306.80000
GAZP,D,20071126,000000,310.02000,312.25000,308.11000,311.00000
GAZP,D,20071127,000000,309.09000,311.13000,307.01000,307.55000
GAZP,D,20071128,000000,307.50000,311.61000,304.74000,311.43000
GAZP,D,20071129,000000,314.52000,316.10000,312.01000,315.90000
GAZP,D,20071130,000000,317.20000,323.70000,316.55000,323.39000
GAZP,D,20071203,000000,322.89000,325.09000,319.12000,323.11000
GAZP,D,20071204,000000,323.80000,330.27000,323.50000,329.02000
GAZP,D,20071205,000000,328.45000,345.10000,327.85000,345.10000
GAZP,D,20071206,000000,346.22000,349.47000,342.00000,343.71000
GAZP,D,20071207,000000,348.10000,350.24000,346.23000,347.70000
GAZP,D,20071210,000000,346.50000,357.90000,343.66000,354.91000
GAZP,D,20071211,000000,358.40000,359.40000,350.64000,353.00000
GAZP,D,20071212,000000,348.93000,358.10000,348.20000,357.20000
GAZP,D,20071213,000000,356.13000,356.17000,345.00000,346.85000
GAZP,D,20071214,000000,346.99000,350.67000,340.00000,342.70000
GAZP,D,20071217,000000,340.00000,343.65000,336.71000,340.50000
GAZP,D,20071218,000000,340.90000,349.50000,340.50000,349.25000
GAZP,D,20071219,000000,349.90000,352.19000,342.51000,345.06000
GAZP,D,20071220,000000,348.90000,352.87000,348.06000,352.00000
GAZP,D,20071221,000000,354.00000,354.95000,350.11000,354.00000
GAZP,D,20071224,000000,355.90000,356.00000,351.60000,351.75000
GAZP,D,20071225,000000,353.00000,353.18000,348.66000,349.00000
GAZP,D,20071226,000000,349.18000,350.50000,345.20000,347.64000
GAZP,D,20071227,000000,348.31000,351.77000,346.15000,348.99000
GAZP,D,20071228,000000,348.40000,348.77000,341.81000,342.88000
GAZP,D,20080109,000000,354.10000,354.90000,350.34000,352.69000
GAZP,D,20080110,000000,353.56000,355.42000,352.01000,352.40000
GAZP,D,20080111,000000,352.75000,357.43000,349.81000,355.91000
GAZP,D,20080114,000000,355.27000,365.64000,353.77000,363.70000
GAZP,D,20080115,000000,364.00000,365.20000,358.39000,360.24000
GAZP,D,20080116,000000,354.85000,354.99000,337.61000,342.45000
GAZP,D,20080117,000000,342.00000,344.12000,325.32000,331.04000
GAZP,D,20080118,000000,326.40000,331.75000,322.00000,327.05000
GAZP,D,20080121,000000,321.00000,321.00000,299.14000,303.80000
GAZP,D,20080122,000000,289.00000,323.70000,281.60000,307.00000
GAZP,D,20080123,000000,314.89000,317.80000,293.38000,296.00000
GAZP,D,20080124,000000,310.12000,311.30000,303.06000,307.20000
GAZP,D,20080125,000000,313.10000,317.18000,310.25000,316.23000
GAZP,D,20080128,000000,305.55000,308.86000,303.25000,305.32000
GAZP,D,20080129,000000,310.50000,313.30000,308.70000,312.83000
GAZP,D,20080130,000000,310.99000,311.00000,305.14000,305.95000
GAZP,D,20080131,000000,304.60000,306.20000,288.50000,290.95000
GAZP,D,20080201,000000,297.00000,309.35000,295.33000,305.20000
GAZP,D,20080204,000000,312.10000,315.20000,310.13000,312.88000
GAZP,D,20080205,000000,312.00000,318.54000,300.53000,302.49000
GAZP,D,20080206,000000,293.00000,300.30000,288.00000,297.70000
GAZP,D,20080207,000000,296.51000,298.00000,283.23000,289.09000
GAZP,D,20080208,000000,292.04000,293.50000,281.60000,286.31000
GAZP,D,20080211,000000,286.10000,294.23000,283.10000,292.25000
GAZP,D,20080212,000000,294.97000,303.00000,294.51000,302.82000
GAZP,D,20080213,000000,301.95000,309.09000,296.03000,307.81000
GAZP,D,20080214,000000,312.50000,313.90000,307.02000,309.45000
GAZP,D,20080215,000000,309.60000,313.70000,304.59000,305.50000
GAZP,D,20080218,000000,309.00000,313.85000,308.25000,312.75000
GAZP,D,20080219,000000,314.90000,319.19000,307.76000,318.95000
GAZP,D,20080220,000000,314.50000,317.50000,310.23000,313.30000
GAZP,D,20080221,000000,318.87000,322.00000,317.63000,319.20000
GAZP,D,20080222,000000,315.91000,320.00000,314.11000,317.05000
GAZP,D,20080226,000000,321.00000,321.18000,314.18000,316.50000
GAZP,D,20080227,000000,319.90000,319.90000,312.62000,314.47000
GAZP,D,20080228,000000,313.11000,315.36000,309.56000,310.54000
GAZP,D,20080229,000000,309.00000,312.89000,303.00000,304.95000
GAZP,D,20080303,000000,298.25000,303.36000,295.30000,301.21000
GAZP,D,20080304,000000,304.03000,310.50000,301.60000,306.70000
GAZP,D,20080305,000000,306.49000,309.17000,303.50000,307.30000
GAZP,D,20080306,000000,310.00000,310.95000,304.50000,305.11000
GAZP,D,20080307,000000,301.02000,301.90000,297.02000,298.67000
GAZP,D,20080311,000000,298.08000,309.88000,298.00000,309.49000
GAZP,D,20080312,000000,312.29000,313.09000,306.83000,310.10000
GAZP,D,20080313,000000,304.98000,306.50000,301.51000,302.25000
GAZP,D,20080314,000000,304.77000,310.95000,300.60000,303.97000
GAZP,D,20080317,000000,299.11000,299.41000,287.52000,290.35000
GAZP,D,20080318,000000,292.33000,296.47000,289.02000,296.47000
GAZP,D,20080319,000000,301.00000,301.51000,292.55000,294.77000
GAZP,D,20080320,000000,287.97000,291.29000,284.50000,288.01000
GAZP,D,20080321,000000,290.10000,290.80000,288.20000,288.65000
GAZP,D,20080324,000000,289.85000,298.00000,287.38000,297.67000
GAZP,D,20080325,000000,298.00000,299.64000,293.00000,293.14000
GAZP,D,20080326,000000,294.14000,296.82000,292.00000,292.64000
GAZP,D,20080327,000000,292.98000,301.27000,292.20000,297.02000
GAZP,D,20080328,000000,298.21000,302.54000,298.21000,298.82000
GAZP,D,20080331,000000,297.48000,299.44000,294.21000,297.61000
GAZP,D,20080401,000000,297.50000,302.20000,294.75000,299.68000
GAZP,D,20080402,000000,303.70000,304.00000,299.48000,300.49000
GAZP,D,20080403,000000,301.40000,302.99000,296.92000,297.25000
GAZP,D,20080404,000000,298.20000,299.91000,296.25000,297.81000
GAZP,D,20080407,000000,300.59000,306.49000,300.50000,305.60000
GAZP,D,20080408,000000,303.78000,305.45000,301.20000,302.00000
GAZP,D,20080409,000000,301.30000,310.24000,301.22000,308.91000
GAZP,D,20080410,000000,308.30000,312.90000,306.20000,311.70000
GAZP,D,20080411,000000,313.50000,317.01000,307.20000,307.20000
GAZP,D,20080414,000000,305.00000,306.89000,302.57000,306.07000
GAZP,D,20080415,000000,307.84000,311.34000,305.77000,310.41000
GAZP,D,20080416,000000,311.51000,315.98000,309.50000,314.53000
GAZP,D,20080417,000000,316.78000,318.40000,308.65000,309.61000
GAZP,D,20080418,000000,311.79000,318.21000,310.41000,317.33000
GAZP,D,20080421,000000,318.74000,319.87000,314.00000,314.24000
GAZP,D,20080422,000000,314.35000,316.78000,312.47000,314.10000
GAZP,D,20080423,000000,314.90000,318.20000,312.11000,315.50000
GAZP,D,20080424,000000,317.09000,317.22000,310.12000,311.40000
GAZP,D,20080425,000000,312.00000,314.35000,310.50000,314.28000
GAZP,D,20080428,000000,314.40000,316.50000,313.56000,314.00000
GAZP,D,20080429,000000,314.20000,314.49000,311.93000,312.06000
GAZP,D,20080430,000000,312.15000,313.50000,309.16000,312.49000
GAZP,D,20080504,000000,315.09000,316.75000,313.57000,316.00000
GAZP,D,20080505,000000,315.39000,316.45000,313.11000,313.70000
GAZP,D,20080506,000000,314.50000,317.61000,314.35000,316.50000
GAZP,D,20080507,000000,318.00000,331.70000,317.90000,331.60000
GAZP,D,20080508,000000,329.35000,350.47000,328.66000,349.31000
GAZP,D,20080512,000000,356.00000,359.50000,346.53000,349.15000
GAZP,D,20080513,000000,350.01000,354.20000,345.20000,349.46000
GAZP,D,20080514,000000,351.00000,361.00000,346.34000,359.24000
GAZP,D,20080515,000000,361.02000,365.35000,350.55000,352.25000
GAZP,D,20080516,000000,354.00000,366.80000,353.12000,365.26000
GAZP,D,20080519,000000,367.00000,368.98000,361.32000,367.40000
GAZP,D,20080520,000000,365.25000,366.01000,357.62000,360.50000
GAZP,D,20080521,000000,358.66000,366.70000,358.25000,365.06000
GAZP,D,20080522,000000,365.25000,369.50000,356.05000,356.95000
GAZP,D,20080523,000000,356.50000,363.64000,354.12000,363.57000
GAZP,D,20080526,000000,362.00000,365.37000,357.20000,360.50000
GAZP,D,20080527,000000,362.34000,364.57000,352.86000,353.97000
GAZP,D,20080528,000000,351.87000,355.75000,349.68000,355.37000
GAZP,D,20080529,000000,357.57000,363.00000,356.17000,361.00000
GAZP,D,20080530,000000,359.88000,362.60000,356.36000,360.09000
GAZP,D,20080602,000000,359.00000,360.35000,354.90000,356.00000
GAZP,D,20080603,000000,354.00000,355.90000,351.80000,354.12000
GAZP,D,20080604,000000,351.75000,352.70000,339.50000,342.50000
GAZP,D,20080605,000000,340.00000,344.00000,338.48000,340.77000
GAZP,D,20080606,000000,346.11000,349.60000,342.68000,345.30000
GAZP,D,20080607,000000,341.00000,342.40000,336.10000,336.14000
GAZP,D,20080609,000000,337.49000,341.90000,336.14000,339.10000
GAZP,D,20080610,000000,336.77000,337.99000,333.40000,334.70000
GAZP,D,20080611,000000,335.55000,343.18000,335.12000,343.00000
GAZP,D,20080616,000000,346.48000,349.37000,343.60000,346.00000
GAZP,D,20080617,000000,345.61000,351.87000,345.61000,351.10000
GAZP,D,20080618,000000,350.35000,355.70000,349.00000,351.30000
GAZP,D,20080619,000000,349.00000,353.70000,347.17000,350.65000
GAZP,D,20080620,000000,350.49000,352.74000,345.10000,346.51000
GAZP,D,20080623,000000,345.70000,349.75000,341.77000,344.07000
GAZP,D,20080624,000000,344.60000,345.73000,337.64000,338.20000
GAZP,D,20080625,000000,338.30000,344.87000,336.80000,340.55000
GAZP,D,20080626,000000,340.20000,340.59000,334.67000,336.90000
GAZP,D,20080627,000000,332.01000,343.19000,330.10000,340.98000
GAZP,D,20080630,000000,342.08000,346.90000,337.61000,341.00000
GAZP,D,20080701,000000,339.02000,340.43000,326.70000,327.01000
GAZP,D,20080702,000000,329.47000,330.40000,321.75000,323.81000
GAZP,D,20080703,000000,319.98000,324.50000,315.77000,322.15000
GAZP,D,20080704,000000,323.01000,323.99000,316.90000,318.70000
GAZP,D,20080707,000000,320.23000,323.70000,318.29000,318.70000
GAZP,D,20080708,000000,314.00000,316.24000,310.14000,316.09000
GAZP,D,20080709,000000,316.47000,317.59000,311.68000,312.40000
GAZP,D,20080710,000000,310.60000,315.49000,309.53000,311.74000
GAZP,D,20080711,000000,313.80000,316.45000,304.73000,305.10000
GAZP,D,20080714,000000,308.90000,313.70000,308.00000,313.69000
GAZP,D,20080715,000000,309.90000,310.00000,303.00000,305.00000
GAZP,D,20080716,000000,304.99000,307.50000,299.33000,306.02000
GAZP,D,20080717,000000,308.39000,312.39000,303.98000,311.65000
GAZP,D,20080718,000000,307.82000,308.00000,296.05000,296.50000
GAZP,D,20080721,000000,299.00000,300.77000,292.75000,295.50000
GAZP,D,20080722,000000,294.28000,296.09000,291.27000,293.01000
GAZP,D,20080723,000000,294.61000,296.00000,287.80000,289.02000
GAZP,D,20080724,000000,287.67000,287.95000,280.01000,280.03000
GAZP,D,20080725,000000,272.72000,273.34000,262.20000,269.31000
GAZP,D,20080728,000000,272.00000,278.28000,265.89000,271.02000
GAZP,D,20080729,000000,266.00000,275.35000,263.55000,273.00000
GAZP,D,20080730,000000,277.09000,280.70000,274.65000,279.10000
GAZP,D,20080731,000000,281.50000,286.35000,275.82000,277.89000
GAZP,D,20080801,000000,276.00000,279.68000,270.89000,273.22000
GAZP,D,20080804,000000,271.50000,273.10000,263.00000,263.40000
GAZP,D,20080805,000000,260.50000,260.50000,250.11000,250.30000
GAZP,D,20080806,000000,253.67000,256.51000,241.21000,250.00000
GAZP,D,20080807,000000,249.75000,259.68000,248.51000,256.85000
GAZP,D,20080808,000000,255.15000,255.80000,241.25000,243.40000
GAZP,D,20080811,000000,243.00000,262.20000,230.02000,261.68000
GAZP,D,20080812,000000,259.20000,274.40000,255.55000,269.00000
GAZP,D,20080813,000000,266.34000,270.74000,261.72000,263.21000
GAZP,D,20080814,000000,265.10000,269.87000,263.15000,263.84000
GAZP,D,20080815,000000,264.88000,268.28000,260.80000,267.15000
GAZP,D,20080818,000000,267.60000,269.99000,261.25000,261.98000
GAZP,D,20080819,000000,256.98000,257.50000,241.28000,243.88000
GAZP,D,20080820,000000,245.00000,249.04000,239.03000,246.25000
GAZP,D,20080821,000000,246.44000,251.80000,239.12000,250.21000
GAZP,D,20080822,000000,252.90000,253.35000,239.98000,240.49000
GAZP,D,20080825,000000,239.60000,239.60000,230.90000,231.39000
GAZP,D,20080826,000000,228.00000,233.99000,220.55000,232.49000
GAZP,D,20080827,000000,234.28000,239.00000,226.10000,233.21000
GAZP,D,20080828,000000,235.77000,244.00000,232.07000,243.99000
GAZP,D,20080829,000000,242.00000,243.17000,236.21000,242.34000
GAZP,D,20080901,000000,239.00000,248.47000,238.25000,245.59000
GAZP,D,20080902,000000,244.00000,247.70000,240.15000,246.50000
GAZP,D,20080903,000000,244.01000,245.00000,235.60000,235.99000
GAZP,D,20080904,000000,235.95000,243.35000,227.31000,229.50000
GAZP,D,20080905,000000,221.04000,226.65000,210.00000,220.90000
GAZP,D,20080908,000000,231.33000,233.00000,223.63000,225.40000
GAZP,D,20080909,000000,223.10000,223.22000,205.01000,207.59000
GAZP,D,20080910,000000,200.59000,208.69000,191.75000,205.08000
GAZP,D,20080911,000000,205.90000,209.70000,195.20000,196.10000
GAZP,D,20080912,000000,203.13000,212.49000,196.55000,210.00000
GAZP,D,20080915,000000,204.00000,206.00000,190.83000,196.06000
GAZP,D,20080916,000000,188.46000,189.52000,150.00000,160.99000
GAZP,D,20080917,000000,171.00000,175.90000,152.34000,167.00000
GAZP,D,20080919,000000,185.00000,223.00000,183.70000,215.00000
GAZP,D,20080922,000000,222.22000,226.00000,200.60000,208.00000
GAZP,D,20080923,000000,204.75000,208.57000,197.85000,202.97000
GAZP,D,20080924,000000,202.99000,218.87000,202.00000,214.50000
GAZP,D,20080925,000000,213.48000,214.77000,207.10000,210.00000
GAZP,D,20080926,000000,212.10000,212.50000,202.70000,206.12000
GAZP,D,20080929,000000,205.97000,207.25000,192.52000,193.00000
GAZP,D,20080930,000000,179.00000,202.50000,179.00000,198.00000
GAZP,D,20081001,000000,202.00000,203.99000,195.10000,198.00000
GAZP,D,20081002,000000,196.00000,199.99000,190.00000,191.09000
GAZP,D,20081003,000000,186.90000,190.40000,176.01000,180.00000
GAZP,D,20081006,000000,169.00000,170.00000,141.31000,143.94000
GAZP,D,20081007,000000,146.00000,156.84000,127.05000,139.75000
GAZP,D,20081008,000000,127.10000,128.99000,115.01000,116.90000
GAZP,D,20081009,000000,127.75000,145.00000,121.71000,128.50000
GAZP,D,20081013,000000,130.00000,136.99000,115.25000,117.18000
GAZP,D,20081014,000000,130.80000,140.50000,128.92000,132.91000
GAZP,D,20081015,000000,130.82000,131.50000,120.52000,122.00000
GAZP,D,20081016,000000,110.00000,119.85000,103.90000,105.57000
GAZP,D,20081017,000000,112.20000,113.98000,96.48000,103.35000
GAZP,D,20081020,000000,107.00000,110.77000,105.75000,109.50000
GAZP,D,20081021,000000,114.00000,120.40000,113.10000,117.47000
GAZP,D,20081022,000000,113.11000,114.70000,105.83000,110.00000
GAZP,D,20081023,000000,105.00000,110.73000,99.80000,103.00000
GAZP,D,20081024,000000,99.98000,100.04000,84.00000,86.60000
GAZP,D,20081028,000000,88.00000,94.37000,84.54000,92.00000
GAZP,D,20081029,000000,98.00000,110.20000,96.53000,110.05000
GAZP,D,20081030,000000,115.00000,133.72000,114.27000,129.99000
GAZP,D,20081031,000000,126.40000,134.39000,121.07000,133.50000
GAZP,D,20081101,000000,137.13000,149.75000,136.28000,140.32000
GAZP,D,20081105,000000,155.10000,160.00000,136.50000,141.50000
GAZP,D,20081106,000000,130.50000,134.93000,125.61000,127.52000
GAZP,D,20081107,000000,123.70000,133.00000,122.74000,132.78000
GAZP,D,20081110,000000,140.00000,145.90000,135.00000,135.63000
GAZP,D,20081111,000000,131.07000,131.37000,116.00000,116.50000
GAZP,D,20081113,000000,99.99000,112.00000,98.00000,108.99000
GAZP,D,20081114,000000,118.67000,122.00000,106.52000,107.00000
GAZP,D,20081117,000000,106.25000,109.75000,98.51000,100.00000
GAZP,D,20081118,000000,96.99000,101.99000,92.26000,101.44000
GAZP,D,20081119,000000,101.99000,102.30000,92.19000,99.00000
GAZP,D,20081120,000000,90.00000,96.42000,88.88000,96.25000
GAZP,D,20081121,000000,96.00000,101.91000,90.21000,91.00000
GAZP,D,20081124,000000,95.01000,113.40000,91.07000,112.48000
GAZP,D,20081125,000000,116.01000,124.89000,108.30000,109.91000
GAZP,D,20081126,000000,109.73000,113.89000,108.32000,110.50000
GAZP,D,20081127,000000,115.50000,121.48000,113.23000,117.77000
GAZP,D,20081128,000000,119.21000,119.45000,113.25000,118.36000
GAZP,D,20081201,000000,117.25000,117.98000,110.25000,111.30000
GAZP,D,20081202,000000,104.99000,114.21000,103.50000,114.00000
GAZP,D,20081203,000000,114.00000,115.25000,107.50000,109.80000
GAZP,D,20081204,000000,110.00000,114.25000,105.24000,107.15000
GAZP,D,20081205,000000,105.00000,108.89000,103.59000,105.50000
GAZP,D,20081208,000000,112.22000,116.95000,110.61000,116.50000
GAZP,D,20081209,000000,115.81000,115.85000,111.39000,112.23000
GAZP,D,20081210,000000,113.50000,113.95000,111.32000,111.99000
GAZP,D,20081211,000000,112.05000,115.99000,111.51000,114.95000
GAZP,D,20081212,000000,110.75000,115.50000,109.02000,115.26000
GAZP,D,20081215,000000,116.30000,118.86000,115.80000,116.80000
GAZP,D,20081216,000000,115.47000,117.49000,114.70000,115.50000
GAZP,D,20081217,000000,117.77000,117.92000,112.12000,113.15000
GAZP,D,20081218,000000,112.90000,113.77000,105.57000,105.70000
GAZP,D,20081219,000000,104.00000,105.59000,101.60000,105.10000
GAZP,D,20081222,000000,105.05000,110.68000,103.56000,109.90000
GAZP,D,20081223,000000,108.00000,115.74000,107.40000,115.03000
GAZP,D,20081224,000000,114.92000,117.36000,110.22000,111.10000
GAZP,D,20081225,000000,110.56000,111.80000,105.55000,106.30000
GAZP,D,20081226,000000,107.60000,108.30000,102.01000,102.60000
GAZP,D,20081229,000000,104.30000,107.65000,102.85000,103.44000
GAZP,D,20081230,000000,105.26000,109.25000,101.97000,108.60000
GAZP,D,20081231,000000,108.45000,108.90000,106.61000,107.63000
GAZP,D,20090111,000000,115.01000,115.01000,110.61000,111.58000
GAZP,D,20090112,000000,110.88000,115.45000,110.75000,113.85000
GAZP,D,20090113,000000,112.60000,115.74000,111.60000,114.14000
GAZP,D,20090114,000000,115.11000,117.00000,108.00000,108.30000
GAZP,D,20090115,000000,106.99000,110.69000,105.35000,107.17000
GAZP,D,20090116,000000,110.00000,111.71000,107.50000,107.90000
GAZP,D,20090119,000000,110.53000,110.80000,103.55000,106.05000
GAZP,D,20090120,000000,105.30000,108.15000,102.83000,105.55000
GAZP,D,20090121,000000,103.00000,109.37000,102.60000,107.99000
GAZP,D,20090122,000000,110.02000,110.37000,103.33000,103.79000
GAZP,D,20090123,000000,103.20000,105.74000,99.50000,101.49000
GAZP,D,20090126,000000,103.00000,111.89000,101.64000,111.41000
GAZP,D,20090127,000000,111.80000,112.25000,107.21000,109.56000
GAZP,D,20090128,000000,111.01000,114.80000,110.00000,114.11000
GAZP,D,20090129,000000,114.20000,115.68000,112.35000,113.85000
GAZP,D,20090130,000000,112.97000,118.27000,112.00000,114.70000
GAZP,D,20090202,000000,113.00000,116.78000,111.80000,116.70000
GAZP,D,20090203,000000,117.01000,118.20000,115.77000,117.00000
GAZP,D,20090204,000000,118.51000,119.62000,116.39000,118.38000
GAZP,D,20090205,000000,117.00000,118.24000,113.12000,113.69000
GAZP,D,20090206,000000,115.25000,117.35000,113.00000,117.00000
GAZP,D,20090209,000000,116.69000,127.14000,115.87000,126.00000
GAZP,D,20090210,000000,125.00000,130.91000,123.17000,127.70000
GAZP,D,20090211,000000,124.98000,129.24000,121.81000,124.40000
GAZP,D,20090212,000000,124.52000,127.90000,119.83000,119.91000
GAZP,D,20090213,000000,122.56000,127.57000,122.51000,126.51000
GAZP,D,20090216,000000,125.48000,127.77000,122.56000,123.99000
GAZP,D,20090217,000000,122.50000,122.66000,112.81000,113.90000
GAZP,D,20090218,000000,113.00000,115.76000,107.10000,110.98000
GAZP,D,20090219,000000,111.96000,117.69000,111.53000,113.40000
GAZP,D,20090220,000000,111.57000,113.30000,109.50000,111.65000
GAZP,D,20090224,000000,109.21000,112.95000,108.13000,112.00000
GAZP,D,20090225,000000,113.78000,116.48000,112.18000,112.75000
GAZP,D,20090226,000000,114.75000,119.55000,114.59000,119.30000
GAZP,D,20090227,000000,117.99000,119.35000,113.31000,116.50000
GAZP,D,20090302,000000,113.12000,114.30000,110.80000,111.83000
GAZP,D,20090303,000000,110.70000,112.72000,108.76000,111.30000
GAZP,D,20090304,000000,112.35000,115.35000,112.31000,114.55000
GAZP,D,20090305,000000,115.40000,115.50000,110.45000,112.07000
GAZP,D,20090306,000000,110.59000,113.78000,110.55000,112.70000
GAZP,D,20090310,000000,114.00000,125.21000,113.97000,124.30000
GAZP,D,20090311,000000,125.40000,127.70000,121.20000,125.83000
GAZP,D,20090312,000000,123.49000,125.64000,118.61000,122.50000
GAZP,D,20090313,000000,126.13000,130.80000,125.17000,127.30000
GAZP,D,20090316,000000,126.70000,129.00000,124.75000,128.68000
GAZP,D,20090317,000000,129.12000,129.65000,125.80000,125.91000
GAZP,D,20090318,000000,127.91000,128.67000,119.70000,120.50000
GAZP,D,20090319,000000,123.00000,126.95000,122.60000,124.30000
GAZP,D,20090320,000000,123.79000,126.54000,121.81000,125.99000
GAZP,D,20090323,000000,128.49000,137.19000,128.26000,137.08000
GAZP,D,20090324,000000,141.03000,141.50000,131.50000,133.30000
GAZP,D,20090325,000000,132.90000,139.04000,132.11000,137.90000
GAZP,D,20090326,000000,139.56000,139.99000,133.85000,136.70000
GAZP,D,20090327,000000,136.49000,140.15000,130.85000,133.27000
GAZP,D,20090330,000000,130.00000,130.70000,123.96000,124.21000
GAZP,D,20090331,000000,124.99000,131.18000,124.50000,126.40000
GAZP,D,20090401,000000,126.00000,131.50000,124.60000,131.35000
GAZP,D,20090402,000000,135.00000,140.60000,135.00000,140.59000
GAZP,D,20090403,000000,139.82000,142.25000,137.52000,137.85000
GAZP,D,20090406,000000,141.01000,144.88000,135.57000,136.00000
GAZP,D,20090407,000000,137.26000,139.65000,132.78000,135.40000
GAZP,D,20090408,000000,132.86000,139.98000,130.62000,139.97000
GAZP,D,20090409,000000,143.03000,148.50000,140.91000,147.90000
GAZP,D,20090410,000000,149.00000,149.41000,145.08000,147.78000
GAZP,D,20090413,000000,146.82000,147.50000,142.27000,142.74000
GAZP,D,20090414,000000,143.31000,148.45000,140.72000,144.99000
GAZP,D,20090415,000000,142.09000,144.20000,140.11000,141.95000
GAZP,D,20090416,000000,143.51000,144.40000,140.89000,142.99000
GAZP,D,20090417,000000,144.11000,145.57000,142.26000,143.51000
GAZP,D,20090420,000000,143.01000,143.77000,133.30000,134.00000
GAZP,D,20090421,000000,132.69000,136.80000,131.50000,134.47000
GAZP,D,20090422,000000,135.55000,140.51000,134.66000,140.30000
GAZP,D,20090423,000000,140.01000,149.49000,139.60000,149.00000
GAZP,D,20090424,000000,149.01000,152.19000,146.12000,150.00000
GAZP,D,20090427,000000,148.41000,149.00000,142.67000,145.50000
GAZP,D,20090428,000000,142.70000,143.20000,138.67000,143.00000
GAZP,D,20090429,000000,143.99000,149.09000,141.24000,149.00000
GAZP,D,20090430,000000,150.89000,152.40000,147.40000,147.82000
GAZP,D,20090504,000000,151.02000,155.48000,151.00000,155.00000
GAZP,D,20090505,000000,156.50000,163.88000,153.63000,161.30000
GAZP,D,20090506,000000,159.99000,171.72000,159.60000,169.91000
GAZP,D,20090507,000000,172.98000,178.65000,170.10000,171.61000
GAZP,D,20090508,000000,173.03000,175.38000,171.07000,173.30000
GAZP,D,20090512,000000,169.99000,180.39000,169.13000,179.05000
GAZP,D,20090513,000000,181.18000,186.28000,164.10000,167.19000
GAZP,D,20090514,000000,163.97000,167.87000,160.00000,165.50000
GAZP,D,20090515,000000,168.03000,169.70000,161.85000,166.24000
GAZP,D,20090518,000000,162.97000,170.88000,161.10000,170.31000
GAZP,D,20090519,000000,175.20000,178.40000,170.90000,176.02000
GAZP,D,20090520,000000,176.50000,183.51000,173.82000,183.24000
GAZP,D,20090521,000000,180.00000,180.20000,170.11000,170.15000
GAZP,D,20090522,000000,172.34000,176.44000,171.25000,174.17000
GAZP,D,20090525,000000,174.50000,175.18000,168.12000,170.67000
GAZP,D,20090526,000000,169.97000,170.45000,164.50000,170.15000
GAZP,D,20090527,000000,173.21000,175.35000,171.19000,171.20000
GAZP,D,20090528,000000,170.15000,174.52000,169.99000,172.56000
GAZP,D,20090529,000000,175.75000,178.75000,175.51000,178.10000
GAZP,D,20090601,000000,182.84000,191.57000,182.60000,191.50000
GAZP,D,20090602,000000,192.00000,195.84000,185.03000,190.50000
GAZP,D,20090603,000000,191.51000,192.97000,173.73000,175.10000
GAZP,D,20090604,000000,174.97000,180.92000,170.21000,176.56000
GAZP,D,20090605,000000,181.01000,186.40000,177.00000,182.00000
GAZP,D,20090608,000000,178.82000,179.50000,173.80000,177.15000
GAZP,D,20090609,000000,178.70000,180.48000,175.20000,177.15000
GAZP,D,20090610,000000,182.50000,184.49000,178.37000,181.04000
GAZP,D,20090611,000000,183.50000,184.50000,178.55000,183.47000
GAZP,D,20090615,000000,179.14000,179.49000,173.03000,173.80000
GAZP,D,20090616,000000,172.05000,178.15000,172.02000,176.47000
GAZP,D,20090617,000000,175.40000,176.50000,161.40000,162.30000
GAZP,D,20090618,000000,163.99000,165.60000,154.12000,158.75000
GAZP,D,20090619,000000,160.93000,164.65000,156.12000,162.52000
GAZP,D,20090622,000000,160.86000,160.87000,149.87000,150.60000
GAZP,D,20090623,000000,147.02000,151.70000,143.01000,143.37000
GAZP,D,20090624,000000,146.79000,155.50000,145.00000,154.77000
GAZP,D,20090625,000000,155.00000,155.00000,147.01000,148.25000
GAZP,D,20090626,000000,152.20000,155.78000,149.20000,150.70000
GAZP,D,20090629,000000,149.39000,158.15000,148.30000,157.90000
GAZP,D,20090630,000000,160.81000,163.20000,155.68000,155.79000
GAZP,D,20090701,000000,157.41000,166.50000,156.60000,165.98000
GAZP,D,20090702,000000,163.87000,164.90000,156.35000,157.70000
GAZP,D,20090703,000000,157.26000,159.50000,152.87000,154.69000
GAZP,D,20090706,000000,151.66000,151.79000,144.50000,144.51000
GAZP,D,20090707,000000,145.97000,150.87000,143.45000,144.94000
GAZP,D,20090708,000000,140.99000,144.00000,138.55000,139.03000
GAZP,D,20090709,000000,139.99000,142.96000,136.80000,137.60000
GAZP,D,20090710,000000,138.59000,138.94000,133.80000,134.18000
GAZP,D,20090713,000000,132.06000,137.46000,130.57000,134.30000
GAZP,D,20090714,000000,137.97000,139.47000,134.60000,134.95000
GAZP,D,20090715,000000,136.82000,144.67000,136.50000,144.29000
GAZP,D,20090716,000000,147.01000,147.50000,142.87000,146.08000
GAZP,D,20090717,000000,146.50000,153.70000,145.21000,152.85000
GAZP,D,20090720,000000,155.00000,160.08000,154.65000,157.00000
GAZP,D,20090721,000000,157.21000,164.11000,154.45000,160.07000
GAZP,D,20090722,000000,160.08000,162.43000,155.16000,157.50000
GAZP,D,20090723,000000,159.99000,167.33000,157.89000,166.79000
GAZP,D,20090724,000000,167.50000,169.25000,161.80000,162.38000
GAZP,D,20090727,000000,166.84000,167.68000,161.50000,162.80000
GAZP,D,20090728,000000,163.87000,165.29000,153.35000,154.40000
GAZP,D,20090729,000000,151.90000,155.20000,149.77000,152.02000
GAZP,D,20090730,000000,153.30000,162.99000,153.30000,162.76000
GAZP,D,20090731,000000,164.61000,164.65000,157.60000,162.52000
GAZP,D,20090803,000000,164.59000,170.30000,164.58000,169.57000
GAZP,D,20090804,000000,168.05000,170.00000,165.90000,169.95000
GAZP,D,20090805,000000,169.43000,174.98000,165.84000,167.39000
GAZP,D,20090806,000000,169.54000,173.40000,168.01000,169.36000
GAZP,D,20090807,000000,168.21000,174.84000,164.55000,173.80000
GAZP,D,20090810,000000,173.40000,173.77000,167.50000,169.64000
GAZP,D,20090811,000000,170.30000,172.29000,162.88000,164.02000
GAZP,D,20090812,000000,162.77000,166.08000,159.36000,164.70000
GAZP,D,20090813,000000,167.20000,169.77000,163.25000,165.98000
GAZP,D,20090814,000000,165.99000,167.90000,160.00000,160.66000
GAZP,D,20090817,000000,156.12000,156.78000,152.40000,153.35000
GAZP,D,20090818,000000,155.02000,157.00000,148.56000,150.13000
GAZP,D,20090819,000000,151.47000,152.50000,147.78000,151.85000
GAZP,D,20090820,000000,155.09000,157.94000,153.40000,157.80000
GAZP,D,20090821,000000,155.40000,167.87000,154.54000,167.10000
GAZP,D,20090824,000000,170.00000,172.30000,165.81000,169.10000
GAZP,D,20090825,000000,165.14000,174.10000,164.32000,169.22000
GAZP,D,20090826,000000,168.98000,172.00000,163.10000,167.60000
GAZP,D,20090827,000000,166.16000,168.67000,162.01000,163.30000
GAZP,D,20090828,000000,165.89000,169.70000,165.60000,167.30000
GAZP,D,20090831,000000,164.50000,165.09000,161.85000,163.10000
GAZP,D,20090901,000000,164.50000,166.21000,162.33000,163.71000
GAZP,D,20090902,000000,160.78000,161.56000,157.83000,159.36000
GAZP,D,20090903,000000,160.30000,161.22000,158.00000,158.50000
GAZP,D,20090904,000000,159.51000,162.70000,154.62000,157.51000
GAZP,D,20090907,000000,159.60000,162.44000,157.80000,161.88000
GAZP,D,20090908,000000,161.88000,167.19000,161.58000,166.00000
GAZP,D,20090909,000000,165.80000,170.48000,163.80000,170.36000
GAZP,D,20090910,000000,172.15000,175.44000,170.40000,172.80000
GAZP,D,20090911,000000,174.84000,176.00000,172.80000,173.95000
GAZP,D,20090914,000000,170.01000,172.40000,168.90000,172.30000
GAZP,D,20090915,000000,173.10000,177.43000,172.82000,176.60000
GAZP,D,20090916,000000,179.05000,183.49000,178.32000,181.99000
GAZP,D,20090917,000000,184.41000,186.39000,179.22000,181.50000
GAZP,D,20090918,000000,179.14000,182.68000,176.75000,182.45000
GAZP,D,20090921,000000,180.45000,181.40000,175.85000,175.97000
GAZP,D,20090922,000000,177.56000,184.42000,177.56000,183.40000
GAZP,D,20090923,000000,182.98000,186.35000,179.81000,180.18000
GAZP,D,20090924,000000,178.36000,183.75000,176.61000,177.10000
GAZP,D,20090925,000000,178.89000,179.65000,175.10000,177.80000
GAZP,D,20090928,000000,175.19000,180.64000,174.32000,180.59000
GAZP,D,20090929,000000,181.15000,182.26000,177.64000,179.49000
GAZP,D,20090930,000000,180.00000,180.19000,174.32000,175.00000
GAZP,D,20091001,000000,176.89000,179.15000,175.51000,175.97000
GAZP,D,20091002,000000,173.40000,174.10000,167.00000,171.01000
GAZP,D,20091005,000000,172.00000,173.25000,169.56000,170.50000
GAZP,D,20091006,000000,173.35000,175.69000,172.60000,175.10000
GAZP,D,20091007,000000,175.99000,178.12000,173.52000,174.15000
GAZP,D,20091008,000000,176.00000,179.00000,176.00000,178.81000
GAZP,D,20091009,000000,179.30000,183.00000,177.10000,181.61000
GAZP,D,20091012,000000,183.51000,193.00000,183.18000,192.94000
GAZP,D,20091013,000000,192.77000,195.38000,188.20000,190.50000
GAZP,D,20091014,000000,194.69000,201.75000,194.60000,200.45000
GAZP,D,20091015,000000,204.56000,204.97000,195.02000,196.01000
GAZP,D,20091016,000000,200.08000,200.68000,190.60000,191.50000
GAZP,D,20091019,000000,193.97000,196.10000,190.37000,195.82000
GAZP,D,20091020,000000,198.90000,199.85000,194.82000,196.49000
GAZP,D,20091021,000000,194.91000,197.00000,191.23000,197.00000
GAZP,D,20091022,000000,194.00000,194.40000,190.08000,192.23000
GAZP,D,20091023,000000,195.10000,196.19000,192.56000,193.50000
GAZP,D,20091026,000000,192.51000,198.10000,191.93000,193.80000
GAZP,D,20091027,000000,192.11000,192.87000,186.65000,189.73000
GAZP,D,20091028,000000,188.57000,189.05000,178.00000,178.59000
GAZP,D,20091029,000000,176.96000,184.49000,173.78000,184.10000
GAZP,D,20091030,000000,185.49000,185.49000,175.04000,175.90000
GAZP,D,20091102,000000,174.31000,181.20000,172.30000,180.99000
GAZP,D,20091103,000000,178.99000,179.10000,173.70000,174.18000
GAZP,D,20091105,000000,176.00000,180.17000,174.63000,180.00000
GAZP,D,20091106,000000,180.40000,180.50000,173.51000,174.95000
GAZP,D,20091109,000000,177.07000,181.86000,177.03000,181.82000
GAZP,D,20091110,000000,181.45000,184.72000,178.55000,183.31000
GAZP,D,20091111,000000,183.37000,185.64000,181.02000,181.20000
GAZP,D,20091112,000000,180.94000,180.94000,176.66000,179.35000
GAZP,D,20091113,000000,177.25000,178.99000,176.39000,178.90000
GAZP,D,20091116,000000,182.00000,186.45000,181.99000,186.39000
GAZP,D,20091117,000000,185.29000,185.40000,181.37000,183.15000
GAZP,D,20091118,000000,184.87000,189.51000,183.41000,184.66000
GAZP,D,20091119,000000,183.65000,185.39000,180.50000,180.70000
GAZP,D,20091120,000000,181.32000,182.68000,177.55000,177.99000
GAZP,D,20091123,000000,180.90000,181.70000,178.32000,179.20000
GAZP,D,20091124,000000,177.00000,177.97000,174.21000,175.91000
GAZP,D,20091125,000000,176.55000,177.11000,169.53000,171.99000
GAZP,D,20091126,000000,170.00000,170.00000,164.71000,167.19000
GAZP,D,20091127,000000,161.90000,171.70000,158.75000,169.00000
GAZP,D,20091130,000000,171.96000,172.50000,165.24000,166.49000
GAZP,D,20091201,000000,167.53000,170.37000,166.70000,168.59000
GAZP,D,20091202,000000,168.50000,171.60000,166.02000,167.50000
GAZP,D,20091203,000000,168.60000,170.46000,163.02000,163.28000
GAZP,D,20091204,000000,162.05000,168.78000,161.20000,168.55000
GAZP,D,20091207,000000,166.62000,167.28000,163.24000,166.00000
GAZP,D,20091208,000000,164.50000,168.13000,163.75000,167.20000
GAZP,D,20091209,000000,166.30000,168.50000,165.00000,167.01000
GAZP,D,20091210,000000,165.88000,167.77000,164.16000,166.09000
GAZP,D,20091211,000000,167.10000,167.80000,165.66000,166.11000
GAZP,D,20091214,000000,167.50000,167.75000,165.83000,167.09000
GAZP,D,20091215,000000,167.72000,172.24000,167.08000,172.19000
GAZP,D,20091216,000000,171.70000,181.70000,171.56000,181.02000
GAZP,D,20091217,000000,179.33000,184.00000,175.78000,177.00000
GAZP,D,20091218,000000,177.70000,182.82000,177.53000,181.60000
GAZP,D,20091221,000000,183.22000,184.39000,181.10000,183.90000
GAZP,D,20091222,000000,183.78000,183.95000,181.64000,182.51000
GAZP,D,20091223,000000,183.66000,185.70000,182.65000,184.77000
GAZP,D,20091224,000000,186.00000,186.09000,179.26000,180.99000
GAZP,D,20091225,000000,181.58000,182.57000,178.60000,182.20000
GAZP,D,20091228,000000,182.91000,183.57000,180.82000,181.11000
GAZP,D,20091229,000000,181.60000,183.90000,180.86000,183.74000
GAZP,D,20091230,000000,183.30000,183.55000,180.84000,181.70000
GAZP,D,20091231,000000,182.78000,183.33000,182.55000,183.09000
GAZP,D,20100111,000000,192.55000,196.90000,191.00000,194.50000
GAZP,D,20100112,000000,194.10000,195.80000,190.55000,191.80000
GAZP,D,20100113,000000,189.80000,191.86000,188.30000,189.30000
GAZP,D,20100114,000000,191.19000,191.46000,188.88000,190.83000
GAZP,D,20100115,000000,190.00000,192.10000,187.25000,187.86000
GAZP,D,20100118,000000,186.97000,190.50000,186.60000,190.40000
GAZP,D,20100119,000000,190.14000,190.47000,187.36000,189.76000
GAZP,D,20100120,000000,189.20000,189.90000,185.82000,185.98000
GAZP,D,20100121,000000,187.16000,187.19000,182.30000,182.76000
GAZP,D,20100122,000000,181.49000,183.00000,178.51000,181.50000
GAZP,D,20100125,000000,179.00000,184.39000,178.94000,182.85000
GAZP,D,20100126,000000,180.01000,182.50000,177.10000,181.29000
GAZP,D,20100127,000000,180.70000,183.95000,178.00000,182.01000
GAZP,D,20100128,000000,183.75000,185.98000,181.67000,182.30000
GAZP,D,20100129,000000,180.52000,186.47000,179.90000,186.44000
GAZP,D,20100201,000000,184.75000,190.40000,183.50000,189.85000
GAZP,D,20100202,000000,191.29000,192.68000,190.02000,192.21000
GAZP,D,20100203,000000,194.00000,195.27000,192.30000,192.70000
GAZP,D,20100204,000000,192.64000,193.39000,185.78000,186.59000
GAZP,D,20100205,000000,183.04000,185.14000,178.42000,182.31000
GAZP,D,20100208,000000,181.80000,184.35000,174.65000,175.31000
GAZP,D,20100209,000000,176.98000,178.44000,173.28000,174.91000
GAZP,D,20100210,000000,176.11000,176.53000,169.90000,171.48000
GAZP,D,20100211,000000,173.53000,174.18000,167.32000,168.40000
GAZP,D,20100212,000000,170.49000,172.20000,162.01000,163.04000
GAZP,D,20100215,000000,163.55000,165.16000,162.50000,164.45000
GAZP,D,20100216,000000,165.47000,172.30000,165.25000,172.18000
GAZP,D,20100217,000000,173.77000,174.50000,171.05000,171.35000
GAZP,D,20100218,000000,170.55000,170.74000,166.36000,168.40000
GAZP,D,20100219,000000,164.80000,171.97000,163.55000,171.83000
GAZP,D,20100224,000000,170.03000,172.12000,167.81000,171.00000
GAZP,D,20100225,000000,170.00000,170.97000,164.50000,165.48000
GAZP,D,20100226,000000,166.90000,168.17000,164.29000,166.72000
GAZP,D,20100227,000000,166.71000,167.90000,166.21000,167.61000
GAZP,D,20100301,000000,168.70000,170.71000,166.33000,168.20000
GAZP,D,20100302,000000,167.98000,171.21000,167.26000,169.51000
GAZP,D,20100303,000000,168.89000,171.10000,167.12000,170.10000
GAZP,D,20100304,000000,169.04000,174.44000,168.37000,172.27000
GAZP,D,20100305,000000,174.06000,177.56000,173.76000,176.80000
GAZP,D,20100309,000000,176.62000,178.09000,174.34000,175.47000
GAZP,D,20100310,000000,174.80000,177.71000,172.65000,173.77000
GAZP,D,20100311,000000,173.01000,174.69000,170.40000,170.62000
GAZP,D,20100312,000000,172.40000,174.70000,171.47000,172.71000
GAZP,D,20100315,000000,171.60000,172.70000,168.91000,169.27000
GAZP,D,20100316,000000,169.95000,171.98000,169.53000,171.35000
GAZP,D,20100317,000000,173.02000,174.22000,170.69000,171.94000
GAZP,D,20100318,000000,171.20000,173.29000,170.35000,170.60000
GAZP,D,20100319,000000,171.01000,171.97000,166.39000,167.06000
GAZP,D,20100322,000000,166.32000,169.64000,164.89000,169.29000
GAZP,D,20100323,000000,170.02000,170.33000,165.96000,167.60000
GAZP,D,20100324,000000,168.00000,168.96000,164.72000,164.85000
GAZP,D,20100325,000000,165.00000,166.00000,160.11000,162.30000
GAZP,D,20100326,000000,161.90000,162.74000,159.49000,161.10000
GAZP,D,20100329,000000,160.95000,165.14000,160.01000,164.55000
GAZP,D,20100330,000000,165.38000,170.67000,165.20000,170.44000
GAZP,D,20100331,000000,170.00000,173.86000,169.51000,171.50000
GAZP,D,20100401,000000,172.46000,176.14000,172.33000,175.00000
GAZP,D,20100402,000000,176.15000,176.70000,173.11000,175.34000
GAZP,D,20100405,000000,176.37000,176.55000,173.87000,175.88000
GAZP,D,20100406,000000,175.51000,178.83000,174.12000,177.10000
GAZP,D,20100407,000000,177.49000,178.04000,174.75000,174.99000
GAZP,D,20100408,000000,174.01000,176.99000,172.76000,174.54000
GAZP,D,20100409,000000,175.98000,176.63000,174.04000,175.15000
GAZP,D,20100412,000000,176.16000,177.48000,174.18000,175.93000
GAZP,D,20100413,000000,174.70000,175.92000,173.75000,174.30000
GAZP,D,20100414,000000,175.57000,181.61000,175.04000,181.40000
GAZP,D,20100415,000000,182.80000,185.22000,181.45000,185.16000
GAZP,D,20100416,000000,182.99000,183.86000,179.61000,179.99000
GAZP,D,20100419,000000,177.00000,177.10000,173.30000,174.51000
GAZP,D,20100420,000000,175.74000,176.90000,174.30000,175.15000
GAZP,D,20100421,000000,175.99000,176.75000,171.25000,173.09000
GAZP,D,20100422,000000,172.25000,175.50000,169.67000,170.70000
GAZP,D,20100423,000000,171.52000,175.05000,170.85000,175.00000
GAZP,D,20100426,000000,176.90000,178.68000,175.96000,177.99000
GAZP,D,20100427,000000,176.69000,176.89000,173.68000,175.60000
GAZP,D,20100428,000000,171.60000,173.50000,169.85000,170.56000
GAZP,D,20100429,000000,171.77000,175.40000,171.27000,174.50000
GAZP,D,20100430,000000,175.10000,175.17000,169.93000,170.00000
GAZP,D,20100504,000000,171.44000,172.20000,163.98000,164.23000
GAZP,D,20100505,000000,164.00000,166.50000,161.75000,164.20000
GAZP,D,20100506,000000,162.98000,167.20000,162.71000,163.79000
GAZP,D,20100507,000000,160.10000,162.23000,153.50000,155.00000
GAZP,D,20100511,000000,159.90000,161.90000,157.62000,160.09000
GAZP,D,20100512,000000,159.49000,166.70000,158.76000,166.07000
GAZP,D,20100513,000000,166.99000,168.40000,160.89000,162.90000
GAZP,D,20100514,000000,161.27000,162.84000,158.63000,159.86000
GAZP,D,20100517,000000,156.88000,162.67000,156.35000,161.38000
GAZP,D,20100518,000000,162.11000,164.11000,160.01000,163.28000
GAZP,D,20100519,000000,159.80000,160.57000,156.00000,157.81000
GAZP,D,20100520,000000,157.73000,160.00000,150.12000,151.05000
GAZP,D,20100521,000000,151.05000,153.03000,146.75000,150.00000
GAZP,D,20100524,000000,151.98000,152.99000,147.33000,151.00000
GAZP,D,20100525,000000,145.77000,147.59000,142.09000,143.00000
GAZP,D,20100526,000000,145.78000,159.20000,144.61000,158.44000
GAZP,D,20100527,000000,157.99000,159.72000,153.77000,158.46000
GAZP,D,20100528,000000,159.17000,159.71000,154.70000,157.88000
GAZP,D,20100531,000000,157.51000,160.40000,156.61000,159.84000
GAZP,D,20100601,000000,158.19000,160.31000,154.39000,159.26000
GAZP,D,20100602,000000,157.21000,164.70000,156.61000,163.80000
GAZP,D,20100603,000000,166.47000,168.19000,164.68000,164.98000
GAZP,D,20100604,000000,166.10000,167.91000,161.10000,163.00000
GAZP,D,20100607,000000,158.19000,161.41000,157.55000,160.59000
GAZP,D,20100608,000000,161.50000,163.47000,157.01000,157.37000
GAZP,D,20100609,000000,159.00000,160.60000,157.53000,158.20000
GAZP,D,20100610,000000,159.15000,159.19000,155.75000,157.79000
GAZP,D,20100611,000000,158.79000,158.85000,154.90000,156.44000
GAZP,D,20100615,000000,157.19000,159.78000,156.28000,159.71000
GAZP,D,20100616,000000,161.00000,161.20000,157.30000,158.80000
GAZP,D,20100617,000000,158.45000,160.79000,156.39000,156.60000
GAZP,D,20100618,000000,157.12000,159.49000,156.10000,159.40000
GAZP,D,20100621,000000,161.76000,163.73000,161.34000,162.88000
GAZP,D,20100622,000000,161.20000,162.12000,158.70000,159.44000
GAZP,D,20100623,000000,158.01000,159.58000,157.03000,158.11000
GAZP,D,20100624,000000,159.00000,159.33000,154.20000,154.70000
GAZP,D,20100625,000000,154.41000,156.40000,151.75000,152.00000
GAZP,D,20100628,000000,153.00000,155.81000,152.20000,154.00000
GAZP,D,20100629,000000,152.13000,152.13000,149.00000,149.85000
GAZP,D,20100630,000000,149.97000,151.27000,147.03000,149.10000
GAZP,D,20100701,000000,146.98000,147.77000,143.04000,143.20000
GAZP,D,20100702,000000,144.80000,148.27000,144.05000,148.25000
GAZP,D,20100705,000000,147.95000,149.85000,146.85000,148.05000
GAZP,D,20100706,000000,149.47000,152.70000,148.95000,152.38000
GAZP,D,20100707,000000,150.66000,153.68000,148.35000,153.47000
GAZP,D,20100708,000000,154.71000,155.16000,151.70000,151.97000
GAZP,D,20100709,000000,153.03000,154.51000,150.88000,154.20000
GAZP,D,20100712,000000,153.68000,157.60000,152.72000,156.13000
GAZP,D,20100713,000000,155.80000,160.44000,155.10000,159.03000
GAZP,D,20100714,000000,160.23000,160.85000,157.00000,158.12000
GAZP,D,20100715,000000,157.89000,161.09000,156.59000,157.10000
GAZP,D,20100716,000000,157.57000,159.11000,155.15000,155.19000
GAZP,D,20100719,000000,155.09000,158.27000,154.09000,156.69000
GAZP,D,20100720,000000,157.69000,158.75000,154.26000,155.47000
GAZP,D,20100721,000000,156.86000,159.74000,156.40000,158.25000
GAZP,D,20100722,000000,157.20000,162.44000,157.03000,162.30000
GAZP,D,20100723,000000,162.50000,162.94000,160.02000,160.90000
GAZP,D,20100726,000000,162.49000,162.86000,161.00000,162.13000
GAZP,D,20100727,000000,162.10000,165.24000,161.47000,164.30000
GAZP,D,20100728,000000,164.80000,165.40000,161.61000,161.79000
GAZP,D,20100729,000000,162.32000,167.00000,161.73000,165.50000
GAZP,D,20100730,000000,164.50000,165.09000,160.13000,162.85000
GAZP,D,20100802,000000,163.99000,169.51000,163.99000,168.99000
GAZP,D,20100803,000000,169.48000,169.50000,165.05000,165.92000
GAZP,D,20100804,000000,165.65000,169.35000,163.66000,167.04000
GAZP,D,20100805,000000,167.55000,169.23000,165.55000,166.95000
GAZP,D,20100806,000000,167.61000,169.00000,165.26000,166.88000
GAZP,D,20100809,000000,167.74000,170.64000,167.73000,169.61000
GAZP,D,20100810,000000,168.78000,169.29000,165.60000,166.53000
GAZP,D,20100811,000000,165.14000,165.50000,162.09000,162.30000
GAZP,D,20100812,000000,161.85000,163.48000,160.15000,162.43000
GAZP,D,20100813,000000,163.41000,163.88000,160.26000,161.26000
GAZP,D,20100816,000000,161.19000,163.18000,158.91000,163.18000
GAZP,D,20100817,000000,163.37000,164.70000,162.72000,164.20000
GAZP,D,20100818,000000,163.90000,164.00000,162.23000,162.40000
GAZP,D,20100819,000000,163.50000,165.18000,160.04000,160.10000
GAZP,D,20100820,000000,160.10000,161.17000,157.81000,158.73000
GAZP,D,20100823,000000,159.25000,159.90000,157.13000,159.11000
GAZP,D,20100824,000000,157.82000,158.37000,155.46000,156.60000
GAZP,D,20100825,000000,156.60000,158.33000,154.72000,155.61000
GAZP,D,20100826,000000,157.42000,158.87000,156.80000,158.70000
GAZP,D,20100827,000000,157.91000,159.18000,156.50000,158.56000
GAZP,D,20100830,000000,159.95000,160.44000,158.63000,159.00000
GAZP,D,20100831,000000,157.54000,159.20000,155.94000,159.15000
GAZP,D,20100901,000000,159.60000,162.77000,158.07000,161.79000
GAZP,D,20100902,000000,161.79000,163.57000,161.53000,162.80000
GAZP,D,20100903,000000,162.99000,164.65000,161.13000,163.00000
GAZP,D,20100906,000000,164.11000,164.90000,162.80000,162.95000
GAZP,D,20100907,000000,162.45000,162.45000,160.77000,161.54000
GAZP,D,20100908,000000,160.87000,164.24000,160.78000,164.14000
GAZP,D,20100909,000000,163.70000,167.39000,163.21000,165.53000
GAZP,D,20100910,000000,165.34000,166.37000,163.89000,164.40000
GAZP,D,20100913,000000,166.24000,166.91000,164.80000,165.00000
GAZP,D,20100914,000000,164.51000,164.75000,162.43000,163.00000
GAZP,D,20100915,000000,162.95000,164.13000,161.62000,163.87000
GAZP,D,20100916,000000,163.07000,163.79000,162.51000,163.17000
GAZP,D,20100917,000000,164.60000,165.30000,162.01000,162.18000
GAZP,D,20100920,000000,162.47000,163.44000,161.91000,163.15000
GAZP,D,20100921,000000,163.37000,164.94000,162.43000,163.14000
GAZP,D,20100922,000000,162.95000,163.43000,160.79000,160.80000
GAZP,D,20100923,000000,161.09000,161.65000,158.57000,159.22000
GAZP,D,20100924,000000,158.77000,158.79000,157.37000,157.97000
GAZP,D,20100927,000000,159.47000,159.81000,157.10000,157.50000
GAZP,D,20100928,000000,157.07000,157.70000,155.71000,156.80000
GAZP,D,20100929,000000,157.50000,159.09000,157.13000,157.85000
GAZP,D,20100930,000000,157.85000,160.29000,157.81000,160.00000
GAZP,D,20101001,000000,160.00000,162.01000,159.47000,160.54000
GAZP,D,20101004,000000,161.40000,163.14000,160.50000,161.99000
GAZP,D,20101005,000000,162.00000,162.53000,160.31000,162.44000
GAZP,D,20101006,000000,163.50000,164.40000,162.00000,163.00000
GAZP,D,20101007,000000,163.27000,164.00000,162.15000,162.49000
GAZP,D,20101008,000000,162.28000,163.35000,161.36000,163.35000
GAZP,D,20101011,000000,164.01000,165.15000,163.65000,165.00000
GAZP,D,20101012,000000,163.40000,163.84000,162.56000,163.00000
GAZP,D,20101013,000000,163.86000,165.03000,162.84000,164.74000
GAZP,D,20101014,000000,165.53000,165.75000,161.66000,162.30000
GAZP,D,20101015,000000,162.35000,163.12000,160.63000,161.00000
GAZP,D,20101018,000000,160.24000,163.60000,159.72000,163.40000
GAZP,D,20101019,000000,163.39000,164.67000,161.52000,162.27000
GAZP,D,20101020,000000,161.47000,162.87000,160.53000,161.90000
GAZP,D,20101021,000000,162.11000,165.98000,161.06000,165.80000
GAZP,D,20101022,000000,165.30000,169.70000,164.56000,168.49000
GAZP,D,20101025,000000,170.01000,171.40000,169.21000,169.62000
GAZP,D,20101026,000000,169.55000,169.97000,167.35000,168.45000
GAZP,D,20101027,000000,168.15000,168.50000,167.00000,167.02000
GAZP,D,20101028,000000,167.71000,169.50000,166.50000,167.17000
GAZP,D,20101029,000000,166.82000,170.47000,166.56000,168.89000
GAZP,D,20101101,000000,169.99000,171.40000,169.40000,169.89000
GAZP,D,20101102,000000,169.93000,170.50000,168.95000,170.16000
GAZP,D,20101103,000000,170.26000,171.00000,169.56000,170.19000
GAZP,D,20101108,000000,174.38000,175.35000,173.60000,174.20000
GAZP,D,20101109,000000,174.02000,177.44000,174.02000,176.10000
GAZP,D,20101110,000000,175.04000,175.51000,173.10000,174.47000
GAZP,D,20101111,000000,175.39000,175.74000,172.36000,172.60000
GAZP,D,20101112,000000,170.99000,172.80000,169.90000,171.88000
GAZP,D,20101113,000000,171.18000,171.91000,170.62000,171.69000
GAZP,D,20101115,000000,172.00000,173.20000,170.57000,171.79000
GAZP,D,20101116,000000,170.82000,170.85000,168.48000,169.57000
GAZP,D,20101117,000000,168.45000,170.19000,167.66000,168.81000
GAZP,D,20101118,000000,169.57000,170.70000,169.20000,170.70000
GAZP,D,20101119,000000,170.69000,172.30000,169.23000,172.20000
