<TICKER>,<PER>,<DATE>,<TIME>,<OPEN>,<HIGH>,<LOW>,<CLOSE>
HYDR,D,20080522,000000,2.19500,2.19500,2.09200,2.10400
HYDR,D,20080523,000000,2.12100,2.17500,2.11300,2.14000
HYDR,D,20080526,000000,2.15800,2.16900,2.12900,2.14300
HYDR,D,20080527,000000,2.14000,2.15100,2.09500,2.12000
HYDR,D,20080528,000000,2.11500,2.14100,2.09200,2.10700
HYDR,D,20080529,000000,2.11400,2.12400,2.09300,2.10400
HYDR,D,20080530,000000,2.10500,2.14900,2.10000,2.11500
HYDR,D,20080602,000000,2.11600,2.15500,2.10000,2.13100
HYDR,D,20080603,000000,2.11300,2.18500,2.11300,2.17700
HYDR,D,20080604,000000,2.18700,2.19900,2.14100,2.15000
HYDR,D,20080605,000000,2.15200,2.16600,2.11300,2.11300
HYDR,D,20080606,000000,2.13400,2.13900,2.03200,2.06000
HYDR,D,20080607,000000,2.04400,2.04800,1.97100,1.98000
HYDR,D,20080609,000000,1.98000,2.07900,1.95000,2.06100
HYDR,D,20080610,000000,2.06300,2.10600,2.06000,2.07000
HYDR,D,20080611,000000,2.08000,2.08000,2.05000,2.06100
HYDR,D,20080616,000000,2.06900,2.08000,2.01500,2.02700
HYDR,D,20080617,000000,2.03000,2.06100,2.01200,2.03600
HYDR,D,20080618,000000,2.05000,2.07000,2.01500,2.02800
HYDR,D,20080619,000000,2.02800,2.03500,2.00000,2.01200
HYDR,D,20080620,000000,2.01300,2.02700,1.97500,1.99400
HYDR,D,20080623,000000,1.97500,2.02100,1.96700,2.01200
HYDR,D,20080624,000000,2.04000,2.04000,1.97300,1.99000
HYDR,D,20080625,000000,1.99500,2.00000,1.97700,1.98500
HYDR,D,20080626,000000,1.99700,1.99700,1.86000,1.88000
HYDR,D,20080627,000000,1.85000,1.86800,1.81100,1.85100
HYDR,D,20080630,000000,1.85200,1.87000,1.78500,1.83800
HYDR,D,20080701,000000,1.84000,1.87000,1.78100,1.79100
HYDR,D,20080702,000000,1.81000,1.81600,1.77100,1.77900
HYDR,D,20080703,000000,1.78000,1.78000,1.72000,1.74000
HYDR,D,20080704,000000,1.74900,1.75800,1.63800,1.64700
HYDR,D,20080707,000000,1.65000,1.73800,1.63000,1.70800
HYDR,D,20080708,000000,1.70700,1.70700,1.59500,1.60300
HYDR,D,20080709,000000,1.61500,1.64600,1.59000,1.60600
HYDR,D,20080710,000000,1.60000,1.61000,1.58100,1.59200
HYDR,D,20080711,000000,1.59600,1.62500,1.52000,1.53400
HYDR,D,20080714,000000,1.53400,1.58000,1.51700,1.55100
HYDR,D,20080715,000000,1.52100,1.54100,1.50700,1.51400
HYDR,D,20080716,000000,1.52100,1.53100,1.47000,1.48500
HYDR,D,20080717,000000,1.49900,1.52600,1.45000,1.47200
HYDR,D,20080718,000000,1.48000,1.48000,1.45500,1.45900
HYDR,D,20080721,000000,1.45900,1.47900,1.45300,1.46400
HYDR,D,20080722,000000,1.45500,1.46400,1.45000,1.45400
HYDR,D,20080723,000000,1.46200,1.47400,1.40100,1.41700
HYDR,D,20080724,000000,1.41000,1.43900,1.34000,1.40000
HYDR,D,20080725,000000,1.38900,1.45000,1.31100,1.42900
HYDR,D,20080728,000000,1.44400,1.48900,1.39500,1.40000
HYDR,D,20080729,000000,1.40000,1.41000,1.37000,1.40000
HYDR,D,20080730,000000,1.40000,1.49700,1.40000,1.48600
HYDR,D,20080731,000000,1.49900,1.57600,1.46700,1.52000
HYDR,D,20080801,000000,1.51200,1.58000,1.51200,1.55000
HYDR,D,20080804,000000,1.53000,1.56900,1.52000,1.52900
HYDR,D,20080805,000000,1.52100,1.52100,1.45700,1.50000
HYDR,D,20080806,000000,1.53000,1.54700,1.46000,1.50800
HYDR,D,20080807,000000,1.50000,1.57400,1.50000,1.55000
HYDR,D,20080808,000000,1.53000,1.60000,1.47600,1.48500
HYDR,D,20080811,000000,1.46800,1.51200,1.40100,1.50800
HYDR,D,20080812,000000,1.51400,1.58500,1.49000,1.57200
HYDR,D,20080813,000000,1.58000,1.58900,1.55100,1.57100
HYDR,D,20080814,000000,1.58500,1.72000,1.58500,1.66700
HYDR,D,20080815,000000,1.69400,1.73900,1.66000,1.73300
HYDR,D,20080818,000000,1.73400,1.74800,1.70300,1.72400
HYDR,D,20080819,000000,1.70000,1.70700,1.57000,1.62000
HYDR,D,20080820,000000,1.63000,1.66000,1.60000,1.65700
HYDR,D,20080821,000000,1.65900,1.65900,1.57000,1.63700
HYDR,D,20080822,000000,1.64900,1.66700,1.61100,1.62900
HYDR,D,20080825,000000,1.62900,1.63400,1.53500,1.54000
HYDR,D,20080826,000000,1.51000,1.53000,1.42000,1.46700
HYDR,D,20080827,000000,1.48000,1.53000,1.48000,1.51200
HYDR,D,20080828,000000,1.52000,1.60000,1.51500,1.58300
HYDR,D,20080829,000000,1.58000,1.72100,1.58000,1.67900
HYDR,D,20080901,000000,1.66900,1.70700,1.63000,1.65300
HYDR,D,20080902,000000,1.65100,1.70000,1.64100,1.68400
HYDR,D,20080903,000000,1.67000,1.69400,1.63000,1.66600
HYDR,D,20080904,000000,1.66300,1.75000,1.62000,1.65000
HYDR,D,20080905,000000,1.60000,1.66000,1.49100,1.59300
HYDR,D,20080908,000000,1.64000,1.68900,1.60000,1.61900
HYDR,D,20080909,000000,1.59700,1.60000,1.45300,1.47300
HYDR,D,20080910,000000,1.45000,1.48500,1.25300,1.30000
HYDR,D,20080911,000000,1.31400,1.31800,1.14200,1.15700
HYDR,D,20080912,000000,1.20000,1.23000,1.07500,1.13500
HYDR,D,20080915,000000,1.10500,1.11500,0.98500,0.99900
HYDR,D,20080916,000000,0.94100,0.94100,0.73800,0.74900
HYDR,D,20080919,000000,0.93000,0.95000,0.81600,0.88500
HYDR,D,20080922,000000,0.93000,0.98900,0.83000,0.86400
HYDR,D,20080923,000000,0.85000,0.85300,0.79200,0.82200
HYDR,D,20080924,000000,0.84000,0.88400,0.81200,0.85000
HYDR,D,20080925,000000,0.85500,0.87000,0.81300,0.84900
HYDR,D,20080926,000000,0.84900,0.85500,0.78800,0.80500
HYDR,D,20080929,000000,0.80200,0.80400,0.75000,0.76000
HYDR,D,20080930,000000,0.72000,0.89900,0.68100,0.88000
HYDR,D,20081001,000000,0.83800,0.93800,0.81700,0.83400
HYDR,D,20081002,000000,0.83000,0.88200,0.79000,0.88000
HYDR,D,20081003,000000,0.81000,0.84600,0.75500,0.81000
HYDR,D,20081006,000000,0.75000,0.75800,0.65000,0.67500
HYDR,D,20081007,000000,0.67500,0.70000,0.60500,0.62900
HYDR,D,20081008,000000,0.59100,0.59100,0.46200,0.55500
HYDR,D,20081009,000000,0.56500,0.62900,0.50200,0.53700
HYDR,D,20081013,000000,0.53700,0.55000,0.48000,0.51500
HYDR,D,20081014,000000,0.54800,0.56900,0.52600,0.55000
HYDR,D,20081015,000000,0.55000,0.56000,0.44000,0.44600
HYDR,D,20081016,000000,0.36900,0.46800,0.35900,0.40000
HYDR,D,20081017,000000,0.41600,0.42900,0.36400,0.37700
HYDR,D,20081020,000000,0.39000,0.42900,0.38000,0.40700
HYDR,D,20081021,000000,0.41800,0.45500,0.41800,0.43700
HYDR,D,20081022,000000,0.41700,0.51000,0.40000,0.49300
HYDR,D,20081023,000000,0.48000,0.53000,0.45600,0.47500
HYDR,D,20081024,000000,0.47000,0.47000,0.39500,0.40900
HYDR,D,20081028,000000,0.40000,0.43600,0.38900,0.42200
HYDR,D,20081029,000000,0.44700,0.48000,0.44300,0.45100
HYDR,D,20081030,000000,0.46600,0.51700,0.46600,0.48900
HYDR,D,20081031,000000,0.48900,0.51300,0.45700,0.51000
HYDR,D,20081101,000000,0.51100,0.55500,0.51000,0.54600
HYDR,D,20081105,000000,0.58300,0.69000,0.58000,0.59900
HYDR,D,20081106,000000,0.55700,0.57000,0.52200,0.53500
HYDR,D,20081107,000000,0.52500,0.57800,0.51000,0.56400
HYDR,D,20081110,000000,0.58800,0.61000,0.55700,0.56900
HYDR,D,20081111,000000,0.55500,0.55500,0.48600,0.49900
HYDR,D,20081113,000000,0.44900,0.56000,0.42100,0.55700
HYDR,D,20081114,000000,0.60000,0.61400,0.54900,0.55000
HYDR,D,20081117,000000,0.55500,0.57100,0.50800,0.53300
HYDR,D,20081118,000000,0.51700,0.52800,0.47600,0.51400
HYDR,D,20081119,000000,0.51500,0.51500,0.45500,0.46500
HYDR,D,20081120,000000,0.43100,0.44700,0.40500,0.41200
HYDR,D,20081121,000000,0.42500,0.52800,0.42000,0.50100
HYDR,D,20081124,000000,0.51700,0.63500,0.51600,0.62700
HYDR,D,20081126,000000,0.64100,0.81900,0.64100,0.81900
HYDR,D,20081128,000000,0.85000,0.97000,0.66200,0.69000
HYDR,D,20081201,000000,0.69100,0.76500,0.62000,0.64200
HYDR,D,20081202,000000,0.61200,0.67300,0.58200,0.63000
HYDR,D,20081203,000000,0.63900,0.64900,0.59700,0.61100
HYDR,D,20081204,000000,0.61000,0.67300,0.60000,0.65500
HYDR,D,20081205,000000,0.63500,0.68300,0.62000,0.65700
HYDR,D,20081208,000000,0.70900,0.74500,0.67500,0.74500
HYDR,D,20081209,000000,0.73000,0.73000,0.67400,0.68600
HYDR,D,20081210,000000,0.68900,0.69000,0.63500,0.67500
HYDR,D,20081211,000000,0.66400,0.67900,0.62500,0.64500
HYDR,D,20081212,000000,0.62500,0.63200,0.58700,0.60500
HYDR,D,20081215,000000,0.62300,0.62300,0.59500,0.61200
HYDR,D,20081216,000000,0.60900,0.61400,0.57500,0.59300
HYDR,D,20081217,000000,0.60800,0.64900,0.60000,0.64500
HYDR,D,20081218,000000,0.66000,0.69600,0.62500,0.66200
HYDR,D,20081219,000000,0.66000,0.69100,0.64100,0.68000
HYDR,D,20081222,000000,0.68700,0.69600,0.66600,0.66900
HYDR,D,20081223,000000,0.66900,0.67900,0.64600,0.66900
HYDR,D,20081224,000000,0.66800,0.67900,0.62600,0.63600
HYDR,D,20081225,000000,0.63900,0.64000,0.60600,0.61200
HYDR,D,20081226,000000,0.61500,0.61800,0.59400,0.59700
HYDR,D,20081229,000000,0.60000,0.60800,0.57800,0.59100
HYDR,D,20081230,000000,0.59100,0.60400,0.58300,0.59200
HYDR,D,20081231,000000,0.59800,0.60700,0.58900,0.60100
HYDR,D,20090111,000000,0.61500,0.62500,0.59500,0.60500
HYDR,D,20090112,000000,0.60200,0.65100,0.59700,0.65100
HYDR,D,20090113,000000,0.64800,0.65300,0.62600,0.64600
HYDR,D,20090114,000000,0.65000,0.66000,0.61200,0.61400
HYDR,D,20090115,000000,0.61000,0.61900,0.58900,0.59900
HYDR,D,20090116,000000,0.60500,0.63000,0.60100,0.60500
HYDR,D,20090119,000000,0.61300,0.61400,0.56200,0.57100
HYDR,D,20090120,000000,0.57000,0.57100,0.50500,0.53800
HYDR,D,20090121,000000,0.51300,0.54300,0.50000,0.54200
HYDR,D,20090122,000000,0.55300,0.55500,0.50600,0.51400
HYDR,D,20090123,000000,0.51000,0.51700,0.47100,0.50700
HYDR,D,20090126,000000,0.51200,0.55000,0.50500,0.54700
HYDR,D,20090127,000000,0.56000,0.62400,0.54200,0.61100
HYDR,D,20090128,000000,0.62200,0.65000,0.60500,0.64000
HYDR,D,20090129,000000,0.64000,0.64200,0.58500,0.59400
HYDR,D,20090130,000000,0.59300,0.61400,0.58200,0.59200
HYDR,D,20090202,000000,0.59000,0.60000,0.55700,0.57800
HYDR,D,20090203,000000,0.58000,0.60800,0.57900,0.60300
HYDR,D,20090204,000000,0.61100,0.61800,0.59200,0.60200
HYDR,D,20090205,000000,0.59900,0.62100,0.59500,0.60600
HYDR,D,20090206,000000,0.61300,0.62100,0.60300,0.61100
HYDR,D,20090209,000000,0.61900,0.62800,0.60800,0.62300
HYDR,D,20090210,000000,0.61900,0.63900,0.61700,0.62500
HYDR,D,20090211,000000,0.61700,0.65500,0.60500,0.64200
HYDR,D,20090212,000000,0.64400,0.67500,0.62400,0.63400
HYDR,D,20090213,000000,0.64700,0.69900,0.64000,0.69100
HYDR,D,20090216,000000,0.68000,0.70500,0.65800,0.66800
HYDR,D,20090217,000000,0.66000,0.68300,0.61100,0.62600
HYDR,D,20090218,000000,0.61700,0.62700,0.57000,0.58400
HYDR,D,20090219,000000,0.58700,0.62100,0.58400,0.60600
HYDR,D,20090220,000000,0.59800,0.59900,0.57300,0.58800
HYDR,D,20090224,000000,0.57700,0.62000,0.56500,0.60200
HYDR,D,20090225,000000,0.62000,0.62800,0.60400,0.61000
HYDR,D,20090226,000000,0.61700,0.62500,0.57800,0.60200
HYDR,D,20090227,000000,0.60000,0.60500,0.57400,0.58700
HYDR,D,20090302,000000,0.57900,0.60700,0.57700,0.58800
HYDR,D,20090303,000000,0.58600,0.59600,0.58100,0.59400
HYDR,D,20090304,000000,0.60000,0.60900,0.59700,0.60200
HYDR,D,20090305,000000,0.60600,0.60800,0.58800,0.59200
HYDR,D,20090306,000000,0.59000,0.61500,0.58600,0.61000
HYDR,D,20090310,000000,0.61300,0.63500,0.61000,0.63200
HYDR,D,20090311,000000,0.63500,0.65300,0.62000,0.64000
HYDR,D,20090312,000000,0.63600,0.64800,0.62000,0.63800
HYDR,D,20090313,000000,0.65000,0.65700,0.62700,0.63500
HYDR,D,20090316,000000,0.63000,0.66000,0.63000,0.65700
HYDR,D,20090317,000000,0.66100,0.66900,0.64700,0.66100
HYDR,D,20090318,000000,0.66700,0.67200,0.63200,0.64700
HYDR,D,20090319,000000,0.65300,0.66600,0.64600,0.64700
HYDR,D,20090320,000000,0.65000,0.67400,0.64700,0.66900
HYDR,D,20090323,000000,0.68000,0.73100,0.68000,0.70700
HYDR,D,20090324,000000,0.71800,0.72200,0.66300,0.67300
HYDR,D,20090325,000000,0.67600,0.71000,0.65700,0.70200
HYDR,D,20090326,000000,0.71200,0.75500,0.70600,0.74900
HYDR,D,20090327,000000,0.75000,0.79600,0.72500,0.72700
HYDR,D,20090330,000000,0.71400,0.74800,0.70100,0.72100
HYDR,D,20090331,000000,0.72900,0.76800,0.72300,0.75200
HYDR,D,20090401,000000,0.75200,0.81500,0.74500,0.80300
HYDR,D,20090402,000000,0.82800,0.84900,0.80400,0.82300
HYDR,D,20090403,000000,0.82600,0.83000,0.78600,0.82500
HYDR,D,20090406,000000,0.84000,0.84300,0.79000,0.80200
HYDR,D,20090407,000000,0.80500,0.82100,0.76800,0.78800
HYDR,D,20090408,000000,0.77200,0.85000,0.75400,0.85000
HYDR,D,20090409,000000,0.86100,0.90200,0.82400,0.89600
HYDR,D,20090410,000000,0.90000,0.91500,0.84800,0.88000
HYDR,D,20090413,000000,0.88000,0.92500,0.86500,0.88100
HYDR,D,20090414,000000,0.89000,0.92400,0.88300,0.91900
HYDR,D,20090415,000000,0.90900,0.96200,0.89700,0.94400
HYDR,D,20090416,000000,0.95200,0.96800,0.91700,0.94600
HYDR,D,20090417,000000,0.95300,0.98500,0.94000,0.96800
HYDR,D,20090420,000000,0.96500,0.97900,0.90000,0.91000
HYDR,D,20090421,000000,0.89900,0.91500,0.83700,0.87400
HYDR,D,20090422,000000,0.88400,0.95500,0.87000,0.91900
HYDR,D,20090423,000000,0.92300,0.94500,0.91000,0.93800
HYDR,D,20090424,000000,0.93800,0.94400,0.90200,0.91700
HYDR,D,20090427,000000,0.91800,0.92000,0.87300,0.91200
HYDR,D,20090428,000000,0.90000,0.90000,0.86100,0.88000
HYDR,D,20090429,000000,0.88900,0.90500,0.87900,0.90400
HYDR,D,20090430,000000,0.92100,0.92200,0.90500,0.90800
HYDR,D,20090504,000000,0.91900,0.95600,0.91500,0.94700
HYDR,D,20090505,000000,0.95700,0.97900,0.92700,0.93500
HYDR,D,20090506,000000,0.93300,0.98200,0.92300,0.96900
HYDR,D,20090507,000000,0.98200,1.03800,0.97700,1.03100
HYDR,D,20090508,000000,1.03000,1.07600,1.02700,1.06800
HYDR,D,20090512,000000,1.05000,1.11200,1.03200,1.10400
HYDR,D,20090513,000000,1.10900,1.13100,1.01700,1.03800
HYDR,D,20090514,000000,1.01200,1.06900,1.00200,1.05100
HYDR,D,20090515,000000,1.06800,1.08000,1.03800,1.05600
HYDR,D,20090518,000000,1.03000,1.09000,1.02500,1.08700
HYDR,D,20090519,000000,1.11900,1.12500,1.08000,1.10900
HYDR,D,20090520,000000,1.11000,1.18800,1.09200,1.16900
HYDR,D,20090521,000000,1.15500,1.16600,1.11500,1.13200
HYDR,D,20090522,000000,1.12500,1.21200,1.11100,1.17300
HYDR,D,20090525,000000,1.19000,1.28500,1.19000,1.27000
HYDR,D,20090526,000000,1.28800,1.30200,1.21100,1.27200
HYDR,D,20090527,000000,1.29900,1.31000,1.22600,1.24000
HYDR,D,20090528,000000,1.23000,1.25500,1.21500,1.24500
HYDR,D,20090529,000000,1.25800,1.28600,1.24000,1.25300
HYDR,D,20090601,000000,1.26800,1.29900,1.26000,1.27600
HYDR,D,20090602,000000,1.29000,1.31000,1.23500,1.28900
HYDR,D,20090603,000000,1.29000,1.30000,1.23500,1.24000
HYDR,D,20090604,000000,1.23000,1.27500,1.21700,1.27100
HYDR,D,20090605,000000,1.29100,1.44500,1.29000,1.43400
HYDR,D,20090608,000000,1.43500,1.45200,1.34500,1.37000
HYDR,D,20090609,000000,1.37800,1.39700,1.32000,1.33500
HYDR,D,20090610,000000,1.37000,1.39000,1.33500,1.33800
HYDR,D,20090611,000000,1.34500,1.36400,1.28600,1.30900
HYDR,D,20090615,000000,1.30500,1.33200,1.26000,1.26800
HYDR,D,20090616,000000,1.26500,1.29100,1.23000,1.27700
HYDR,D,20090617,000000,1.27000,1.27500,1.23200,1.25000
HYDR,D,20090618,000000,1.25600,1.26400,1.17500,1.24400
HYDR,D,20090619,000000,1.25600,1.26100,1.22200,1.24000
HYDR,D,20090622,000000,1.24100,1.25500,1.18000,1.18000
HYDR,D,20090623,000000,1.16000,1.23900,1.12200,1.15200
HYDR,D,20090624,000000,1.18000,1.21900,1.17500,1.19500
HYDR,D,20090625,000000,1.20500,1.20500,1.15200,1.16000
HYDR,D,20090626,000000,1.17800,1.18700,1.15400,1.15700
HYDR,D,20090629,000000,1.15600,1.17700,1.15000,1.15600
HYDR,D,20090630,000000,1.17000,1.20500,1.16300,1.17100
HYDR,D,20090701,000000,1.18000,1.34900,1.17500,1.33700
HYDR,D,20090702,000000,1.31900,1.37000,1.26600,1.29000
HYDR,D,20090703,000000,1.28900,1.33800,1.22300,1.23500
HYDR,D,20090706,000000,1.23500,1.29400,1.16800,1.17700
HYDR,D,20090707,000000,1.19800,1.26000,1.17600,1.23000
HYDR,D,20090708,000000,1.19800,1.23500,1.15700,1.16400
HYDR,D,20090709,000000,1.17000,1.19300,1.15700,1.16800
HYDR,D,20090710,000000,1.17800,1.18400,1.09900,1.11000
HYDR,D,20090713,000000,1.07700,1.14200,1.05900,1.08700
HYDR,D,20090714,000000,1.10400,1.11700,1.08600,1.09500
HYDR,D,20090715,000000,1.11100,1.13800,1.10700,1.12000
HYDR,D,20090716,000000,1.13100,1.13500,1.06700,1.08000
HYDR,D,20090717,000000,1.08900,1.10600,1.07300,1.08500
HYDR,D,20090720,000000,1.10300,1.11400,1.08400,1.09400
HYDR,D,20090721,000000,1.10000,1.12500,1.07600,1.09700
HYDR,D,20090722,000000,1.10500,1.14800,1.08000,1.08400
HYDR,D,20090723,000000,1.09900,1.13000,1.08600,1.12400
HYDR,D,20090724,000000,1.13300,1.13500,1.08900,1.10000
HYDR,D,20090727,000000,1.11100,1.13100,1.09900,1.10000
HYDR,D,20090728,000000,1.11000,1.11700,1.07200,1.08900
HYDR,D,20090729,000000,1.08100,1.08500,1.05200,1.07500
HYDR,D,20090730,000000,1.07900,1.11000,1.07500,1.09500
HYDR,D,20090731,000000,1.10800,1.11500,1.08000,1.10000
HYDR,D,20090803,000000,1.10900,1.14000,1.10600,1.13000
HYDR,D,20090804,000000,1.13200,1.23200,1.12200,1.21000
HYDR,D,20090805,000000,1.21500,1.27700,1.20200,1.22400
HYDR,D,20090806,000000,1.24000,1.27700,1.23200,1.25900
HYDR,D,20090807,000000,1.25100,1.30100,1.21300,1.27200
HYDR,D,20090810,000000,1.27900,1.30100,1.25200,1.28100
HYDR,D,20090811,000000,1.28300,1.29600,1.24400,1.24800
HYDR,D,20090812,000000,1.24400,1.29700,1.21000,1.28900
HYDR,D,20090813,000000,1.30100,1.37800,1.30100,1.37400
HYDR,D,20090814,000000,1.38000,1.41500,1.31300,1.32900
HYDR,D,20090817,000000,1.26900,1.28700,1.21700,1.23500
HYDR,D,20090819,000000,1.07600,1.14500,1.04600,1.09700
HYDR,D,20090820,000000,1.11100,1.12400,1.07400,1.10600
HYDR,D,20090821,000000,1.10400,1.16800,1.10200,1.15500
HYDR,D,20090824,000000,1.17500,1.17900,1.16000,1.16500
HYDR,D,20090825,000000,1.15100,1.15900,1.09000,1.09700
HYDR,D,20090826,000000,1.10100,1.11500,1.07300,1.08600
HYDR,D,20090827,000000,1.08200,1.09500,1.07000,1.07200
HYDR,D,20090828,000000,1.08000,1.09400,1.07200,1.07600
HYDR,D,20090831,000000,1.07500,1.11200,1.07100,1.10100
HYDR,D,20090901,000000,1.10800,1.11100,1.08500,1.09500
HYDR,D,20090902,000000,1.08000,1.09400,1.06200,1.06700
HYDR,D,20090903,000000,1.07000,1.07700,1.04400,1.05000
HYDR,D,20090904,000000,1.05200,1.07200,1.03900,1.04900
HYDR,D,20090907,000000,1.05700,1.06000,1.04300,1.05300
HYDR,D,20090908,000000,1.05800,1.06400,1.04300,1.05100
HYDR,D,20090909,000000,1.05100,1.06000,1.03800,1.04600
HYDR,D,20090910,000000,1.05000,1.06100,1.04500,1.04900
HYDR,D,20090911,000000,1.05200,1.05700,1.04700,1.05000
HYDR,D,20090914,000000,1.04400,1.09600,1.03700,1.09100
HYDR,D,20090915,000000,1.09900,1.14100,1.08500,1.09300
HYDR,D,20090916,000000,1.11000,1.13600,1.09400,1.10800
HYDR,D,20090917,000000,1.12100,1.12500,1.06900,1.07200
HYDR,D,20090918,000000,1.06000,1.11500,1.05300,1.09000
HYDR,D,20090921,000000,1.09700,1.10600,1.06100,1.06800
HYDR,D,20090922,000000,1.07300,1.08700,1.06800,1.06900
HYDR,D,20090923,000000,1.07400,1.07500,1.05800,1.06200
HYDR,D,20090924,000000,1.05200,1.07300,1.04200,1.05500
HYDR,D,20090925,000000,1.05500,1.06000,1.04300,1.04900
HYDR,D,20090928,000000,1.04700,1.05900,1.02800,1.04500
HYDR,D,20090929,000000,1.05000,1.05700,1.03400,1.03900
HYDR,D,20090930,000000,1.04300,1.06000,1.03800,1.04300
HYDR,D,20091001,000000,1.05200,1.06600,1.04300,1.04900
HYDR,D,20091002,000000,1.04100,1.04500,1.01900,1.03700
HYDR,D,20091005,000000,1.04200,1.04200,1.02500,1.03000
HYDR,D,20091006,000000,1.03500,1.03600,1.02500,1.03000
HYDR,D,20091007,000000,1.03200,1.03700,1.02500,1.03600
HYDR,D,20091008,000000,1.04100,1.06900,1.03700,1.06500
HYDR,D,20091009,000000,1.06500,1.11600,1.06000,1.11300
HYDR,D,20091012,000000,1.12000,1.13700,1.11600,1.12900
HYDR,D,20091013,000000,1.12400,1.21800,1.12300,1.17500
HYDR,D,20091014,000000,1.19100,1.21400,1.17100,1.19200
HYDR,D,20091015,000000,1.20100,1.20100,1.12600,1.13300
HYDR,D,20091016,000000,1.14300,1.14500,1.10700,1.11400
HYDR,D,20091019,000000,1.12000,1.14800,1.11400,1.14500
HYDR,D,20091020,000000,1.15700,1.15800,1.12400,1.13000
HYDR,D,20091021,000000,1.12700,1.13500,1.11800,1.13300
HYDR,D,20091022,000000,1.12700,1.13000,1.11000,1.11400
HYDR,D,20091023,000000,1.12200,1.13200,1.11700,1.11700
HYDR,D,20091026,000000,1.11500,1.13200,1.11200,1.12300
HYDR,D,20091027,000000,1.11400,1.11900,1.08000,1.08500
HYDR,D,20091028,000000,1.08100,1.08400,1.00300,1.02000
HYDR,D,20091029,000000,1.00400,1.05800,0.97000,1.05000
HYDR,D,20091030,000000,1.06400,1.06500,1.01500,1.02700
HYDR,D,20091102,000000,1.01900,1.04000,1.00600,1.03800
HYDR,D,20091103,000000,1.03400,1.03500,0.99900,1.00300
HYDR,D,20091105,000000,1.01800,1.03000,1.00000,1.01800
HYDR,D,20091106,000000,1.01600,1.02300,0.99900,1.00500
HYDR,D,20091109,000000,1.01400,1.04800,1.01200,1.04300
HYDR,D,20091110,000000,1.04400,1.06900,1.03600,1.06700
HYDR,D,20091111,000000,1.06700,1.09400,1.06000,1.08500
HYDR,D,20091112,000000,1.07800,1.09200,1.05200,1.08900
HYDR,D,20091113,000000,1.07500,1.10800,1.07000,1.07700
HYDR,D,20091116,000000,1.08800,1.13100,1.08400,1.13100
HYDR,D,20091117,000000,1.13000,1.13100,1.10500,1.11500
HYDR,D,20091118,000000,1.12000,1.15200,1.12000,1.14900
HYDR,D,20091119,000000,1.14700,1.17400,1.13400,1.13700
HYDR,D,20091120,000000,1.14100,1.16500,1.14000,1.15400
HYDR,D,20091123,000000,1.16600,1.22400,1.16500,1.21500
HYDR,D,20091124,000000,1.19900,1.20500,1.13900,1.15600
HYDR,D,20091125,000000,1.16600,1.16800,1.10700,1.12900
HYDR,D,20091126,000000,1.12400,1.12600,1.07700,1.08400
HYDR,D,20091127,000000,1.06200,1.11000,1.04000,1.10700
HYDR,D,20091130,000000,1.12500,1.14100,1.09900,1.13100
HYDR,D,20091201,000000,1.14000,1.14400,1.13100,1.13900
HYDR,D,20091202,000000,1.14000,1.15900,1.12000,1.13400
HYDR,D,20091203,000000,1.14000,1.14800,1.12800,1.13500
HYDR,D,20091204,000000,1.12900,1.15500,1.12200,1.15200
HYDR,D,20091207,000000,1.14600,1.15200,1.13300,1.14600
HYDR,D,20091208,000000,1.14000,1.17600,1.12700,1.13700
HYDR,D,20091209,000000,1.13000,1.14700,1.12800,1.14300
HYDR,D,20091210,000000,1.13900,1.14700,1.12600,1.14700
HYDR,D,20091211,000000,1.14500,1.15600,1.13400,1.14000
HYDR,D,20091214,000000,1.14300,1.15500,1.13400,1.13800
HYDR,D,20091215,000000,1.13800,1.14400,1.13200,1.13700
HYDR,D,20091216,000000,1.13800,1.14700,1.12800,1.14500
HYDR,D,20091217,000000,1.14200,1.15000,1.13000,1.13400
HYDR,D,20091218,000000,1.13500,1.14500,1.13100,1.13400
HYDR,D,20091221,000000,1.13400,1.16400,1.13200,1.15900
HYDR,D,20091222,000000,1.16000,1.17400,1.15100,1.16800
HYDR,D,20091223,000000,1.17500,1.18900,1.16700,1.17000
HYDR,D,20091224,000000,1.17400,1.17400,1.15300,1.16300
HYDR,D,20091225,000000,1.16500,1.16800,1.15000,1.15500
HYDR,D,20091228,000000,1.15800,1.17000,1.15200,1.16800
HYDR,D,20091229,000000,1.16700,1.17300,1.15900,1.16300
HYDR,D,20091230,000000,1.16400,1.16500,1.13100,1.14200
HYDR,D,20091231,000000,1.14200,1.14200,1.12900,1.13500
HYDR,D,20100111,000000,1.17500,1.19700,1.16300,1.18800
HYDR,D,20100112,000000,1.18800,1.19300,1.15000,1.18700
HYDR,D,20100113,000000,1.17300,1.23900,1.17100,1.23600
HYDR,D,20100114,000000,1.25000,1.28000,1.24100,1.26700
HYDR,D,20100115,000000,1.26800,1.28800,1.24000,1.25700
HYDR,D,20100118,000000,1.24800,1.27600,1.24100,1.27500
HYDR,D,20100119,000000,1.26700,1.30300,1.25300,1.29400
HYDR,D,20100120,000000,1.29500,1.31800,1.27800,1.29000
HYDR,D,20100121,000000,1.29500,1.30000,1.25000,1.26300
HYDR,D,20100122,000000,1.25200,1.25300,1.21500,1.23200
HYDR,D,20100125,000000,1.21900,1.23300,1.20600,1.22000
HYDR,D,20100126,000000,1.20900,1.22400,1.18500,1.21200
HYDR,D,20100127,000000,1.20900,1.29600,1.20400,1.27500
HYDR,D,20100128,000000,1.29700,1.34200,1.27000,1.28300
HYDR,D,20100129,000000,1.26900,1.31000,1.25800,1.30000
HYDR,D,20100201,000000,1.28900,1.29800,1.26200,1.29500
HYDR,D,20100202,000000,1.30200,1.32700,1.28000,1.30500
HYDR,D,20100203,000000,1.31700,1.31900,1.28700,1.29500
HYDR,D,20100204,000000,1.29100,1.30900,1.26700,1.27900
HYDR,D,20100205,000000,1.25900,1.26100,1.22000,1.23200
HYDR,D,20100208,000000,1.23300,1.25700,1.22500,1.22900
HYDR,D,20100209,000000,1.24100,1.24300,1.20000,1.22300
HYDR,D,20100210,000000,1.23000,1.23900,1.20700,1.21000
HYDR,D,20100211,000000,1.22400,1.23000,1.18700,1.19900
HYDR,D,20100212,000000,1.20700,1.21900,1.17100,1.18200
HYDR,D,20100215,000000,1.18500,1.19300,1.17100,1.18900
HYDR,D,20100216,000000,1.19800,1.21900,1.19500,1.21300
HYDR,D,20100217,000000,1.22000,1.24500,1.21700,1.23000
HYDR,D,20100218,000000,1.23500,1.26800,1.22400,1.26600
HYDR,D,20100219,000000,1.24800,1.29400,1.23300,1.28400
HYDR,D,20100224,000000,1.29400,1.30500,1.27300,1.30100
HYDR,D,20100225,000000,1.29700,1.30000,1.24900,1.25400
HYDR,D,20100226,000000,1.26500,1.29700,1.25500,1.28200
HYDR,D,20100227,000000,1.28200,1.28400,1.27200,1.28000
HYDR,D,20100301,000000,1.28700,1.30200,1.27700,1.28900
HYDR,D,20100302,000000,1.28900,1.29400,1.27400,1.28600
HYDR,D,20100303,000000,1.28200,1.32800,1.27900,1.31300
HYDR,D,20100304,000000,1.30000,1.32900,1.29200,1.31800
HYDR,D,20100305,000000,1.33000,1.33200,1.29800,1.33000
HYDR,D,20100309,000000,1.34100,1.35700,1.33300,1.34900
HYDR,D,20100310,000000,1.34900,1.37400,1.34100,1.37200
HYDR,D,20100311,000000,1.36900,1.40700,1.36500,1.37000
HYDR,D,20100312,000000,1.38600,1.44400,1.38100,1.43500
HYDR,D,20100315,000000,1.42100,1.49500,1.42100,1.48000
HYDR,D,20100316,000000,1.49500,1.51000,1.46300,1.46400
HYDR,D,20100317,000000,1.47700,1.48500,1.44100,1.45000
HYDR,D,20100318,000000,1.44600,1.47600,1.42400,1.46000
HYDR,D,20100319,000000,1.46600,1.48200,1.43500,1.44200
HYDR,D,20100322,000000,1.43800,1.47300,1.42800,1.46200
HYDR,D,20100323,000000,1.47000,1.47000,1.44300,1.44600
HYDR,D,20100324,000000,1.44800,1.46400,1.44400,1.45300
HYDR,D,20100325,000000,1.45500,1.47600,1.44500,1.46500
HYDR,D,20100326,000000,1.46300,1.48600,1.46000,1.47600
HYDR,D,20100329,000000,1.46900,1.53300,1.46800,1.50100
HYDR,D,20100330,000000,1.50600,1.52600,1.48200,1.52200
HYDR,D,20100331,000000,1.51900,1.57700,1.51500,1.55500
HYDR,D,20100401,000000,1.55900,1.69000,1.55600,1.67800
HYDR,D,20100402,000000,1.69100,1.69900,1.62300,1.63900
HYDR,D,20100405,000000,1.64900,1.67900,1.62800,1.66300
HYDR,D,20100406,000000,1.66300,1.67500,1.57500,1.64000
HYDR,D,20100407,000000,1.63700,1.64400,1.56700,1.59600
HYDR,D,20100408,000000,1.58500,1.64400,1.56600,1.64200
HYDR,D,20100409,000000,1.65600,1.74600,1.65000,1.73900
HYDR,D,20100412,000000,1.75600,1.80000,1.74100,1.79900
HYDR,D,20100413,000000,1.77900,1.84400,1.76100,1.82000
HYDR,D,20100414,000000,1.84000,1.85700,1.77300,1.78600
HYDR,D,20100415,000000,1.79500,1.79800,1.72800,1.74500
HYDR,D,20100416,000000,1.72000,1.74000,1.66200,1.66900
HYDR,D,20100419,000000,1.65100,1.71000,1.59500,1.68500
HYDR,D,20100420,000000,1.71100,1.73800,1.67800,1.70200
HYDR,D,20100421,000000,1.71500,1.71800,1.65500,1.67000
HYDR,D,20100422,000000,1.65900,1.68600,1.61600,1.62000
HYDR,D,20100423,000000,1.63500,1.69800,1.62100,1.69800
HYDR,D,20100426,000000,1.71600,1.73700,1.69300,1.70300
HYDR,D,20100427,000000,1.69400,1.72400,1.66100,1.67600
HYDR,D,20100428,000000,1.64900,1.65000,1.59700,1.61200
HYDR,D,20100429,000000,1.62600,1.66500,1.62100,1.66500
HYDR,D,20100430,000000,1.67200,1.69700,1.63500,1.68700
HYDR,D,20100504,000000,1.69800,1.71500,1.63200,1.63800
HYDR,D,20100505,000000,1.63000,1.65000,1.56100,1.59600
HYDR,D,20100506,000000,1.57800,1.61000,1.56500,1.57100
HYDR,D,20100507,000000,1.53000,1.54900,1.40100,1.43500
HYDR,D,20100511,000000,1.54200,1.56500,1.51200,1.56000
HYDR,D,20100512,000000,1.55300,1.64300,1.54000,1.63700
HYDR,D,20100513,000000,1.65000,1.67500,1.58000,1.62600
HYDR,D,20100514,000000,1.60100,1.65000,1.58300,1.62000
HYDR,D,20100517,000000,1.57200,1.64700,1.56600,1.62800
HYDR,D,20100518,000000,1.63500,1.67700,1.60000,1.67000
HYDR,D,20100519,000000,1.64200,1.66500,1.60500,1.65200
HYDR,D,20100520,000000,1.65100,1.69600,1.53800,1.55500
HYDR,D,20100521,000000,1.57400,1.58500,1.50000,1.55100
HYDR,D,20100524,000000,1.57100,1.58800,1.51900,1.55100
HYDR,D,20100525,000000,1.47500,1.50900,1.45000,1.47000
HYDR,D,20100526,000000,1.51300,1.64300,1.49800,1.62400
HYDR,D,20100527,000000,1.63100,1.69000,1.59600,1.67900
HYDR,D,20100528,000000,1.68600,1.69900,1.61600,1.64000
HYDR,D,20100531,000000,1.63700,1.68000,1.63600,1.67300
HYDR,D,20100601,000000,1.65500,1.68700,1.63000,1.67300
HYDR,D,20100602,000000,1.65300,1.68000,1.64100,1.66200
HYDR,D,20100603,000000,1.69100,1.69800,1.66800,1.67700
HYDR,D,20100604,000000,1.67900,1.68900,1.60900,1.62200
HYDR,D,20100607,000000,1.58500,1.59800,1.53700,1.58000
HYDR,D,20100608,000000,1.59400,1.62200,1.55200,1.55500
HYDR,D,20100609,000000,1.57600,1.59900,1.56700,1.58100
HYDR,D,20100610,000000,1.58900,1.63500,1.56400,1.63300
HYDR,D,20100611,000000,1.64100,1.65000,1.60800,1.62900
HYDR,D,20100615,000000,1.63200,1.71000,1.61900,1.70000
HYDR,D,20100616,000000,1.71300,1.71900,1.65200,1.68100
HYDR,D,20100617,000000,1.66700,1.75000,1.66200,1.71100
HYDR,D,20100618,000000,1.72000,1.80700,1.71600,1.77600
HYDR,D,20100621,000000,1.80200,1.82700,1.77800,1.79000
HYDR,D,20100622,000000,1.77100,1.79800,1.74600,1.78000
HYDR,D,20100623,000000,1.76000,1.78000,1.72800,1.73500
HYDR,D,20100624,000000,1.74500,1.75500,1.69300,1.69300
HYDR,D,20100625,000000,1.69400,1.69900,1.59600,1.61000
HYDR,D,20100628,000000,1.60900,1.63400,1.60400,1.61800
HYDR,D,20100629,000000,1.59900,1.60000,1.55000,1.56600
HYDR,D,20100630,000000,1.56600,1.57500,1.50600,1.51800
HYDR,D,20100701,000000,1.49000,1.54000,1.45600,1.46800
HYDR,D,20100702,000000,1.48800,1.53400,1.48200,1.53400
HYDR,D,20100705,000000,1.53300,1.54400,1.51500,1.54100
HYDR,D,20100706,000000,1.55200,1.57700,1.54300,1.57600
HYDR,D,20100707,000000,1.55100,1.55600,1.51000,1.54300
HYDR,D,20100708,000000,1.57100,1.57300,1.52400,1.54400
HYDR,D,20100709,000000,1.55700,1.56300,1.53400,1.54500
HYDR,D,20100712,000000,1.54600,1.59700,1.53600,1.58900
HYDR,D,20100713,000000,1.57500,1.64500,1.56900,1.63300
HYDR,D,20100714,000000,1.65000,1.65500,1.61500,1.63000
HYDR,D,20100715,000000,1.62600,1.64000,1.57000,1.57500
HYDR,D,20100716,000000,1.57400,1.59500,1.55800,1.56400
HYDR,D,20100719,000000,1.55800,1.59500,1.55000,1.59000
HYDR,D,20100720,000000,1.60100,1.60700,1.57000,1.58300
HYDR,D,20100721,000000,1.56900,1.59500,1.55400,1.58700
HYDR,D,20100722,000000,1.57500,1.59700,1.56400,1.59300
HYDR,D,20100723,000000,1.59600,1.61000,1.57500,1.58500
HYDR,D,20100726,000000,1.60300,1.61700,1.58100,1.59800
HYDR,D,20100727,000000,1.60000,1.60900,1.57000,1.57800
HYDR,D,20100728,000000,1.57900,1.59500,1.54300,1.54800
HYDR,D,20100729,000000,1.54800,1.59300,1.54800,1.58000
HYDR,D,20100730,000000,1.56900,1.58000,1.55800,1.57700
HYDR,D,20100802,000000,1.58700,1.63800,1.58600,1.63300
HYDR,D,20100803,000000,1.63900,1.64200,1.59800,1.60900
HYDR,D,20100804,000000,1.60000,1.63000,1.59400,1.62700
HYDR,D,20100805,000000,1.62700,1.63300,1.60700,1.61500
HYDR,D,20100806,000000,1.61500,1.62200,1.59500,1.61100
HYDR,D,20100809,000000,1.61700,1.65400,1.61700,1.63800
HYDR,D,20100810,000000,1.63200,1.63800,1.61000,1.63600
HYDR,D,20100811,000000,1.62000,1.66600,1.61700,1.64200
HYDR,D,20100812,000000,1.63700,1.67500,1.62300,1.67400
HYDR,D,20100813,000000,1.68300,1.68600,1.65300,1.67300
HYDR,D,20100816,000000,1.67700,1.68000,1.63900,1.67200
HYDR,D,20100817,000000,1.67700,1.67700,1.65500,1.66400
HYDR,D,20100818,000000,1.66200,1.66800,1.63200,1.64500
HYDR,D,20100819,000000,1.65600,1.66000,1.64100,1.64600
HYDR,D,20100820,000000,1.64400,1.65300,1.61000,1.61300
HYDR,D,20100823,000000,1.62100,1.62400,1.59200,1.59400
HYDR,D,20100824,000000,1.58000,1.58500,1.56600,1.57400
HYDR,D,20100825,000000,1.56900,1.58900,1.56300,1.57500
HYDR,D,20100826,000000,1.59100,1.60900,1.58200,1.59400
HYDR,D,20100827,000000,1.58900,1.59900,1.57800,1.58600
HYDR,D,20100830,000000,1.60100,1.61000,1.59000,1.59500
HYDR,D,20100831,000000,1.57000,1.58600,1.56900,1.58200
HYDR,D,20100901,000000,1.59100,1.59400,1.58100,1.59400
HYDR,D,20100902,000000,1.59600,1.63800,1.59400,1.63800
HYDR,D,20100903,000000,1.64200,1.65700,1.62600,1.64600
HYDR,D,20100906,000000,1.65800,1.65900,1.62000,1.63100
HYDR,D,20100907,000000,1.63000,1.63400,1.60100,1.61800
HYDR,D,20100908,000000,1.60900,1.64300,1.60300,1.63600
HYDR,D,20100909,000000,1.64200,1.66500,1.63000,1.64400
HYDR,D,20100910,000000,1.64500,1.65300,1.62300,1.63700
HYDR,D,20100913,000000,1.65600,1.66300,1.64200,1.64800
HYDR,D,20100914,000000,1.64300,1.65000,1.61200,1.62500
HYDR,D,20100915,000000,1.62900,1.63500,1.60200,1.62900
HYDR,D,20100916,000000,1.62100,1.62900,1.60700,1.61700
HYDR,D,20100917,000000,1.62500,1.62800,1.60600,1.61100
HYDR,D,20100920,000000,1.61400,1.61700,1.59100,1.60600
HYDR,D,20100921,000000,1.61300,1.62500,1.60400,1.61200
HYDR,D,20100922,000000,1.61300,1.61700,1.59500,1.59900
HYDR,D,20100923,000000,1.60100,1.60300,1.56700,1.57900
HYDR,D,20100924,000000,1.57600,1.58500,1.56300,1.57200
HYDR,D,20100927,000000,1.58100,1.58500,1.55600,1.55900
HYDR,D,20100928,000000,1.55900,1.56100,1.54400,1.55200
HYDR,D,20100929,000000,1.56000,1.56300,1.55100,1.55800
HYDR,D,20100930,000000,1.55500,1.57500,1.55000,1.56900
HYDR,D,20101001,000000,1.57500,1.58300,1.56400,1.57300
HYDR,D,20101004,000000,1.57700,1.59900,1.57400,1.59000
HYDR,D,20101005,000000,1.58800,1.62400,1.58200,1.61100
HYDR,D,20101006,000000,1.61900,1.62600,1.58400,1.59700
HYDR,D,20101007,000000,1.59600,1.61000,1.58700,1.60000
HYDR,D,20101008,000000,1.59100,1.60300,1.57600,1.58600
HYDR,D,20101011,000000,1.59300,1.60700,1.59100,1.60400
HYDR,D,20101012,000000,1.59200,1.59700,1.58700,1.59000
HYDR,D,20101013,000000,1.59600,1.61900,1.59400,1.61200
HYDR,D,20101014,000000,1.61700,1.61900,1.59000,1.59400
HYDR,D,20101015,000000,1.59600,1.61100,1.58600,1.59800
HYDR,D,20101018,000000,1.59000,1.59500,1.58700,1.59000
HYDR,D,20101019,000000,1.59400,1.60000,1.56700,1.56900
HYDR,D,20101020,000000,1.56600,1.58000,1.56200,1.57600
HYDR,D,20101021,000000,1.57600,1.60500,1.57500,1.59800
HYDR,D,20101022,000000,1.60000,1.64100,1.59200,1.61000
HYDR,D,20101025,000000,1.62000,1.62700,1.60100,1.60500
HYDR,D,20101026,000000,1.60100,1.61000,1.58600,1.59200
HYDR,D,20101027,000000,1.58900,1.60800,1.57700,1.57800
HYDR,D,20101028,000000,1.58500,1.59000,1.57700,1.58400
HYDR,D,20101029,000000,1.58300,1.58700,1.57800,1.58600
HYDR,D,20101101,000000,1.59200,1.60600,1.57300,1.57400
HYDR,D,20101102,000000,1.57800,1.58000,1.56500,1.56800
HYDR,D,20101103,000000,1.57100,1.58300,1.56800,1.57100
HYDR,D,20101108,000000,1.60400,1.61400,1.58000,1.58700
HYDR,D,20101109,000000,1.58800,1.61500,1.58300,1.59700
HYDR,D,20101110,000000,1.59300,1.59500,1.58100,1.59300
HYDR,D,20101111,000000,1.59900,1.60000,1.57000,1.57300
HYDR,D,20101112,000000,1.56800,1.58200,1.55700,1.58100
HYDR,D,20101113,000000,1.57500,1.58100,1.56600,1.57700
HYDR,D,20101115,000000,1.58000,1.58900,1.57100,1.58800
HYDR,D,20101116,000000,1.58100,1.58300,1.56100,1.56200
HYDR,D,20101117,000000,1.56000,1.56800,1.54800,1.55200
HYDR,D,20101118,000000,1.55700,1.57600,1.55600,1.57300
HYDR,D,20101119,000000,1.57300,1.57500,1.55700,1.56800
