<TICKER>,<PER>,<DATE>,<TIME>,<OPEN>,<HIGH>,<LOW>,<CLOSE>
VTBR,D,20070528,000000,0.14490,0.17490,0.14000,0.14160
VTBR,D,20070529,000000,0.14200,0.14490,0.13780,0.13950
VTBR,D,20070530,000000,0.13770,0.13900,0.13550,0.13850
VTBR,D,20070531,000000,0.13980,0.14500,0.13960,0.14480
VTBR,D,20070601,000000,0.14500,0.14650,0.14380,0.14520
VTBR,D,20070604,000000,0.14500,0.14500,0.14090,0.14290
VTBR,D,20070605,000000,0.14300,0.14450,0.14190,0.14280
VTBR,D,20070606,000000,0.14290,0.14350,0.13980,0.14200
VTBR,D,20070607,000000,0.14150,0.14220,0.14080,0.14100
VTBR,D,20070608,000000,0.14020,0.14360,0.14000,0.14290
VTBR,D,20070609,000000,0.14300,0.14390,0.14240,0.14260
VTBR,D,20070613,000000,0.14240,0.14330,0.14150,0.14320
VTBR,D,20070614,000000,0.14380,0.14680,0.14330,0.14660
VTBR,D,20070615,000000,0.14690,0.14750,0.14400,0.14450
VTBR,D,20070618,000000,0.14550,0.14580,0.14370,0.14460
VTBR,D,20070619,000000,0.14430,0.14460,0.14340,0.14360
VTBR,D,20070620,000000,0.14440,0.14590,0.14360,0.14520
VTBR,D,20070621,000000,0.14500,0.14500,0.14350,0.14380
VTBR,D,20070622,000000,0.14390,0.14450,0.14260,0.14310
VTBR,D,20070625,000000,0.14270,0.14280,0.14120,0.14200
VTBR,D,20070626,000000,0.14190,0.14300,0.14120,0.14210
VTBR,D,20070627,000000,0.14190,0.14220,0.14010,0.14090
VTBR,D,20070628,000000,0.14190,0.14200,0.14070,0.14130
VTBR,D,20070629,000000,0.14120,0.14170,0.13990,0.14090
VTBR,D,20070702,000000,0.14090,0.14120,0.13970,0.14000
VTBR,D,20070703,000000,0.14020,0.14090,0.13920,0.14040
VTBR,D,20070704,000000,0.14030,0.14050,0.13910,0.13980
VTBR,D,20070705,000000,0.14000,0.14030,0.13940,0.14010
VTBR,D,20070706,000000,0.13990,0.14110,0.13950,0.14020
VTBR,D,20070709,000000,0.14050,0.14140,0.13990,0.14120
VTBR,D,20070710,000000,0.14090,0.14090,0.13940,0.14000
VTBR,D,20070711,000000,0.13940,0.14020,0.13910,0.13960
VTBR,D,20070712,000000,0.14000,0.14100,0.13970,0.14100
VTBR,D,20070713,000000,0.14130,0.14170,0.14000,0.14070
VTBR,D,20070716,000000,0.14040,0.14050,0.13940,0.14040
VTBR,D,20070717,000000,0.14000,0.14010,0.13860,0.13980
VTBR,D,20070718,000000,0.13950,0.13950,0.13820,0.13860
VTBR,D,20070719,000000,0.13860,0.14000,0.13850,0.14000
VTBR,D,20070720,000000,0.14000,0.14060,0.13880,0.13960
VTBR,D,20070723,000000,0.13940,0.14060,0.13900,0.14030
VTBR,D,20070724,000000,0.14000,0.14060,0.13900,0.14060
VTBR,D,20070725,000000,0.13970,0.14060,0.13890,0.14040
VTBR,D,20070726,000000,0.14040,0.14050,0.13730,0.13750
VTBR,D,20070727,000000,0.13690,0.13750,0.13600,0.13640
VTBR,D,20070730,000000,0.13640,0.13740,0.13480,0.13520
VTBR,D,20070731,000000,0.13600,0.13700,0.13570,0.13670
VTBR,D,20070801,000000,0.13590,0.13620,0.13380,0.13610
VTBR,D,20070802,000000,0.13620,0.13660,0.13550,0.13600
VTBR,D,20070803,000000,0.13640,0.13750,0.13570,0.13690
VTBR,D,20070806,000000,0.13600,0.13610,0.13440,0.13550
VTBR,D,20070807,000000,0.13590,0.13590,0.13310,0.13340
VTBR,D,20070808,000000,0.13410,0.13460,0.13310,0.13410
VTBR,D,20070809,000000,0.13450,0.13460,0.13120,0.13250
VTBR,D,20070810,000000,0.13090,0.13140,0.12660,0.12770
VTBR,D,20070813,000000,0.12880,0.12900,0.12720,0.12810
VTBR,D,20070814,000000,0.12790,0.12790,0.12580,0.12600
VTBR,D,20070815,000000,0.12430,0.12480,0.12250,0.12260
VTBR,D,20070816,000000,0.12030,0.12150,0.11530,0.11840
VTBR,D,20070817,000000,0.11740,0.11930,0.11250,0.11800
VTBR,D,20070820,000000,0.11890,0.11980,0.11400,0.11620
VTBR,D,20070821,000000,0.11640,0.11640,0.11250,0.11550
VTBR,D,20070822,000000,0.11480,0.12040,0.11380,0.11950
VTBR,D,20070823,000000,0.12100,0.12330,0.11860,0.12100
VTBR,D,20070824,000000,0.11950,0.12090,0.11820,0.11970
VTBR,D,20070827,000000,0.12100,0.12190,0.12010,0.12040
VTBR,D,20070828,000000,0.12010,0.12050,0.11810,0.11880
VTBR,D,20070829,000000,0.11690,0.12050,0.11580,0.11900
VTBR,D,20070830,000000,0.12030,0.12040,0.11870,0.11880
VTBR,D,20070831,000000,0.12000,0.12070,0.11890,0.12000
VTBR,D,20070903,000000,0.12000,0.12030,0.11840,0.11860
VTBR,D,20070904,000000,0.11830,0.11940,0.11770,0.11850
VTBR,D,20070905,000000,0.11910,0.11910,0.11740,0.11780
VTBR,D,20070906,000000,0.11750,0.11890,0.11730,0.11870
VTBR,D,20070907,000000,0.11900,0.11900,0.11370,0.11390
VTBR,D,20070910,000000,0.11340,0.11480,0.11130,0.11180
VTBR,D,20070911,000000,0.11230,0.11250,0.11010,0.11110
VTBR,D,20070912,000000,0.11180,0.11190,0.10790,0.10870
VTBR,D,20070913,000000,0.10870,0.11040,0.10800,0.11010
VTBR,D,20070914,000000,0.11050,0.11090,0.10710,0.10760
VTBR,D,20070917,000000,0.10760,0.10820,0.10440,0.10460
VTBR,D,20070918,000000,0.10420,0.10980,0.10370,0.10720
VTBR,D,20070919,000000,0.11010,0.11370,0.10960,0.11360
VTBR,D,20070920,000000,0.11350,0.11950,0.11100,0.11760
VTBR,D,20070921,000000,0.11700,0.12220,0.11650,0.12130
VTBR,D,20070924,000000,0.12230,0.12610,0.12170,0.12400
VTBR,D,20070925,000000,0.12360,0.12550,0.11870,0.11910
VTBR,D,20070926,000000,0.12090,0.12300,0.12030,0.12260
VTBR,D,20070927,000000,0.12350,0.12420,0.11710,0.11900
VTBR,D,20070928,000000,0.11830,0.11850,0.11450,0.11490
VTBR,D,20071001,000000,0.11410,0.11420,0.11040,0.11230
VTBR,D,20071002,000000,0.11460,0.11640,0.11430,0.11510
VTBR,D,20071003,000000,0.11510,0.11630,0.11330,0.11390
VTBR,D,20071004,000000,0.11330,0.11460,0.11300,0.11340
VTBR,D,20071005,000000,0.11460,0.11700,0.11420,0.11680
VTBR,D,20071008,000000,0.11740,0.11880,0.11600,0.11800
VTBR,D,20071009,000000,0.11800,0.12070,0.11680,0.12030
VTBR,D,20071010,000000,0.12100,0.12120,0.11770,0.11780
VTBR,D,20071011,000000,0.11850,0.11960,0.11790,0.11910
VTBR,D,20071012,000000,0.11780,0.11860,0.11600,0.11800
VTBR,D,20071015,000000,0.11850,0.12100,0.11770,0.11830
VTBR,D,20071016,000000,0.11730,0.11790,0.11500,0.11550
VTBR,D,20071017,000000,0.11500,0.11640,0.11400,0.11580
VTBR,D,20071018,000000,0.11600,0.11620,0.11440,0.11570
VTBR,D,20071019,000000,0.11540,0.11740,0.11530,0.11610
VTBR,D,20071022,000000,0.11450,0.11580,0.11370,0.11550
VTBR,D,20071023,000000,0.11680,0.11710,0.11640,0.11680
VTBR,D,20071024,000000,0.11670,0.11840,0.11550,0.11700
VTBR,D,20071025,000000,0.11710,0.11810,0.11680,0.11710
VTBR,D,20071026,000000,0.11770,0.11870,0.11700,0.11820
VTBR,D,20071029,000000,0.11890,0.12020,0.11840,0.11910
VTBR,D,20071030,000000,0.11890,0.11900,0.11720,0.11790
VTBR,D,20071031,000000,0.11760,0.11940,0.11750,0.11930
VTBR,D,20071101,000000,0.12010,0.12030,0.11720,0.11830
VTBR,D,20071102,000000,0.11710,0.11950,0.11650,0.11920
VTBR,D,20071106,000000,0.11890,0.12240,0.11840,0.12130
VTBR,D,20071107,000000,0.12170,0.12210,0.11910,0.12020
VTBR,D,20071108,000000,0.11850,0.12020,0.11850,0.11970
VTBR,D,20071109,000000,0.11980,0.12010,0.11670,0.11700
VTBR,D,20071112,000000,0.11650,0.11830,0.11540,0.11640
VTBR,D,20071113,000000,0.11620,0.11680,0.11490,0.11560
VTBR,D,20071114,000000,0.11670,0.11730,0.11450,0.11520
VTBR,D,20071115,000000,0.11500,0.11530,0.11340,0.11390
VTBR,D,20071116,000000,0.11350,0.11400,0.11260,0.11280
VTBR,D,20071119,000000,0.11330,0.11350,0.11140,0.11230
VTBR,D,20071120,000000,0.11250,0.11320,0.11000,0.11050
VTBR,D,20071121,000000,0.11030,0.11030,0.10610,0.10710
VTBR,D,20071122,000000,0.10760,0.10890,0.10520,0.10700
VTBR,D,20071123,000000,0.10750,0.10960,0.10650,0.10870
VTBR,D,20071126,000000,0.11000,0.11040,0.10770,0.10870
VTBR,D,20071127,000000,0.10780,0.10880,0.10680,0.10760
VTBR,D,20071128,000000,0.10790,0.10880,0.10680,0.10820
VTBR,D,20071129,000000,0.10940,0.11070,0.10890,0.10930
VTBR,D,20071130,000000,0.10990,0.11280,0.10940,0.11250
VTBR,D,20071203,000000,0.11250,0.11310,0.11150,0.11190
VTBR,D,20071204,000000,0.11180,0.11240,0.11030,0.11030
VTBR,D,20071205,000000,0.11070,0.11540,0.11070,0.11490
VTBR,D,20071206,000000,0.11510,0.11650,0.11370,0.11430
VTBR,D,20071207,000000,0.11520,0.11800,0.11450,0.11800
VTBR,D,20071210,000000,0.11790,0.12230,0.11720,0.12180
VTBR,D,20071211,000000,0.12290,0.12480,0.12080,0.12240
VTBR,D,20071212,000000,0.12040,0.12480,0.12030,0.12460
VTBR,D,20071213,000000,0.12390,0.12400,0.12120,0.12190
VTBR,D,20071214,000000,0.12200,0.12270,0.11950,0.12150
VTBR,D,20071217,000000,0.12100,0.12330,0.11960,0.12250
VTBR,D,20071218,000000,0.12250,0.12800,0.12230,0.12750
VTBR,D,20071219,000000,0.12820,0.12830,0.12460,0.12630
VTBR,D,20071220,000000,0.12650,0.12850,0.12580,0.12790
VTBR,D,20071221,000000,0.12830,0.12900,0.12730,0.12850
VTBR,D,20071224,000000,0.12920,0.13090,0.12880,0.13080
VTBR,D,20071225,000000,0.13110,0.13260,0.12920,0.12950
VTBR,D,20071226,000000,0.12940,0.13000,0.12530,0.12570
VTBR,D,20071227,000000,0.12610,0.12740,0.12450,0.12660
VTBR,D,20071228,000000,0.12530,0.13000,0.12210,0.12590
VTBR,D,20080109,000000,0.12360,0.12520,0.11990,0.12170
VTBR,D,20080110,000000,0.12200,0.12310,0.12100,0.12180
VTBR,D,20080111,000000,0.12210,0.12230,0.12100,0.12180
VTBR,D,20080114,000000,0.12140,0.12200,0.12070,0.12100
VTBR,D,20080115,000000,0.12120,0.12150,0.11810,0.11910
VTBR,D,20080116,000000,0.11700,0.11740,0.11240,0.11460
VTBR,D,20080117,000000,0.11480,0.11550,0.11220,0.11380
VTBR,D,20080118,000000,0.11370,0.11400,0.11100,0.11210
VTBR,D,20080121,000000,0.11050,0.11070,0.10410,0.10470
VTBR,D,20080122,000000,0.10040,0.10780,0.09500,0.10290
VTBR,D,20080123,000000,0.10490,0.10770,0.09830,0.09880
VTBR,D,20080124,000000,0.10500,0.10650,0.10180,0.10340
VTBR,D,20080125,000000,0.10480,0.10560,0.10290,0.10400
VTBR,D,20080128,000000,0.10000,0.10190,0.09910,0.09970
VTBR,D,20080129,000000,0.10240,0.10420,0.10110,0.10420
VTBR,D,20080130,000000,0.10300,0.10550,0.10190,0.10330
VTBR,D,20080131,000000,0.10280,0.10440,0.09790,0.09860
VTBR,D,20080201,000000,0.10090,0.10200,0.09980,0.10020
VTBR,D,20080204,000000,0.10240,0.10270,0.10130,0.10160
VTBR,D,20080205,000000,0.10100,0.10270,0.09810,0.09930
VTBR,D,20080206,000000,0.09660,0.09860,0.09510,0.09810
VTBR,D,20080207,000000,0.09800,0.09840,0.09280,0.09490
VTBR,D,20080208,000000,0.09600,0.09650,0.09170,0.09310
VTBR,D,20080211,000000,0.09310,0.09580,0.09260,0.09460
VTBR,D,20080212,000000,0.09540,0.10170,0.09520,0.10160
VTBR,D,20080213,000000,0.10090,0.10440,0.09870,0.10390
VTBR,D,20080214,000000,0.10560,0.10640,0.10150,0.10200
VTBR,D,20080215,000000,0.10070,0.10140,0.09840,0.09900
VTBR,D,20080218,000000,0.09990,0.10130,0.09920,0.10020
VTBR,D,20080219,000000,0.10090,0.10190,0.09910,0.10090
VTBR,D,20080220,000000,0.09950,0.09990,0.09800,0.09890
VTBR,D,20080221,000000,0.10020,0.10160,0.09980,0.10010
VTBR,D,20080222,000000,0.09890,0.09960,0.09800,0.09810
VTBR,D,20080226,000000,0.09990,0.09990,0.09820,0.09880
VTBR,D,20080227,000000,0.09960,0.09980,0.09630,0.09640
VTBR,D,20080228,000000,0.09640,0.09680,0.09370,0.09400
VTBR,D,20080229,000000,0.09360,0.09520,0.08950,0.09080
VTBR,D,20080303,000000,0.08870,0.08900,0.08640,0.08710
VTBR,D,20080304,000000,0.08860,0.08860,0.08340,0.08430
VTBR,D,20080305,000000,0.08490,0.08680,0.08380,0.08650
VTBR,D,20080306,000000,0.08740,0.08760,0.08420,0.08460
VTBR,D,20080307,000000,0.08310,0.08450,0.08090,0.08160
VTBR,D,20080311,000000,0.08020,0.08740,0.08010,0.08730
VTBR,D,20080312,000000,0.08860,0.08930,0.08540,0.08640
VTBR,D,20080313,000000,0.08480,0.08540,0.08360,0.08380
VTBR,D,20080314,000000,0.08480,0.08890,0.08450,0.08480
VTBR,D,20080317,000000,0.08280,0.08300,0.07850,0.08120
VTBR,D,20080318,000000,0.08200,0.08300,0.08000,0.08300
VTBR,D,20080319,000000,0.08510,0.08650,0.08300,0.08450
VTBR,D,20080320,000000,0.08290,0.08430,0.08090,0.08260
VTBR,D,20080321,000000,0.08380,0.08430,0.08300,0.08330
VTBR,D,20080324,000000,0.08350,0.08860,0.08260,0.08860
VTBR,D,20080325,000000,0.08840,0.08880,0.08420,0.08460
VTBR,D,20080326,000000,0.08480,0.08610,0.08350,0.08370
VTBR,D,20080327,000000,0.08320,0.08680,0.08320,0.08450
VTBR,D,20080328,000000,0.08540,0.08660,0.08430,0.08500
VTBR,D,20080331,000000,0.08440,0.08640,0.08370,0.08550
VTBR,D,20080401,000000,0.08540,0.08940,0.08450,0.08890
VTBR,D,20080402,000000,0.09060,0.09270,0.09060,0.09160
VTBR,D,20080403,000000,0.09180,0.09260,0.08830,0.08840
VTBR,D,20080404,000000,0.08890,0.08940,0.08730,0.08860
VTBR,D,20080407,000000,0.08940,0.09130,0.08930,0.09080
VTBR,D,20080408,000000,0.09000,0.09100,0.08920,0.08940
VTBR,D,20080409,000000,0.08910,0.09240,0.08910,0.09180
VTBR,D,20080410,000000,0.09210,0.09240,0.08930,0.09030
VTBR,D,20080411,000000,0.09110,0.09150,0.08710,0.08710
VTBR,D,20080414,000000,0.08600,0.08790,0.08510,0.08750
VTBR,D,20080415,000000,0.08810,0.08820,0.08670,0.08740
VTBR,D,20080416,000000,0.08810,0.08990,0.08690,0.08920
VTBR,D,20080417,000000,0.08990,0.09000,0.08770,0.08890
VTBR,D,20080418,000000,0.08900,0.09090,0.08810,0.09070
VTBR,D,20080421,000000,0.09140,0.09140,0.08850,0.08870
VTBR,D,20080422,000000,0.08840,0.08910,0.08790,0.08810
VTBR,D,20080423,000000,0.08820,0.08910,0.08710,0.08880
VTBR,D,20080424,000000,0.08880,0.09140,0.08740,0.09000
VTBR,D,20080425,000000,0.09030,0.09080,0.08910,0.08920
VTBR,D,20080428,000000,0.08980,0.09090,0.08870,0.08910
VTBR,D,20080429,000000,0.08920,0.09000,0.08870,0.08870
VTBR,D,20080430,000000,0.08890,0.08920,0.08770,0.08840
VTBR,D,20080504,000000,0.08970,0.09130,0.08970,0.09110
VTBR,D,20080505,000000,0.09100,0.09380,0.09070,0.09210
VTBR,D,20080506,000000,0.09220,0.09520,0.09150,0.09320
VTBR,D,20080507,000000,0.09390,0.09470,0.09240,0.09450
VTBR,D,20080508,000000,0.09240,0.09470,0.09180,0.09320
VTBR,D,20080512,000000,0.09250,0.09610,0.09240,0.09590
VTBR,D,20080513,000000,0.09650,0.09850,0.09560,0.09620
VTBR,D,20080514,000000,0.09620,0.09790,0.09510,0.09760
VTBR,D,20080515,000000,0.09780,0.10030,0.09640,0.09690
VTBR,D,20080516,000000,0.09770,0.09990,0.09660,0.09960
VTBR,D,20080519,000000,0.10020,0.10330,0.09890,0.10170
VTBR,D,20080520,000000,0.10150,0.10150,0.09910,0.10070
VTBR,D,20080521,000000,0.09910,0.10190,0.09900,0.10050
VTBR,D,20080522,000000,0.09990,0.10040,0.09780,0.09800
VTBR,D,20080523,000000,0.09860,0.09920,0.09740,0.09840
VTBR,D,20080526,000000,0.09780,0.09800,0.09640,0.09700
VTBR,D,20080527,000000,0.09740,0.09770,0.09430,0.09520
VTBR,D,20080528,000000,0.09530,0.09730,0.09500,0.09690
VTBR,D,20080529,000000,0.09720,0.09770,0.09570,0.09690
VTBR,D,20080530,000000,0.09770,0.09850,0.09700,0.09730
VTBR,D,20080602,000000,0.09710,0.09780,0.09540,0.09590
VTBR,D,20080603,000000,0.09490,0.09520,0.09390,0.09490
VTBR,D,20080604,000000,0.09420,0.09450,0.09190,0.09270
VTBR,D,20080605,000000,0.09250,0.09360,0.09160,0.09220
VTBR,D,20080606,000000,0.09300,0.09320,0.08910,0.08920
VTBR,D,20080607,000000,0.08770,0.08780,0.08590,0.08600
VTBR,D,20080609,000000,0.08620,0.08750,0.08600,0.08700
VTBR,D,20080610,000000,0.08610,0.08620,0.08410,0.08470
VTBR,D,20080611,000000,0.08530,0.08590,0.08460,0.08480
VTBR,D,20080616,000000,0.08560,0.08650,0.08490,0.08540
VTBR,D,20080617,000000,0.08580,0.08820,0.08560,0.08740
VTBR,D,20080618,000000,0.08680,0.08760,0.08570,0.08580
VTBR,D,20080619,000000,0.08490,0.08710,0.08470,0.08640
VTBR,D,20080620,000000,0.08640,0.08690,0.08510,0.08510
VTBR,D,20080623,000000,0.08470,0.08580,0.08420,0.08530
VTBR,D,20080624,000000,0.08520,0.08530,0.08290,0.08320
VTBR,D,20080625,000000,0.08370,0.08480,0.08350,0.08440
VTBR,D,20080626,000000,0.08480,0.08490,0.08280,0.08300
VTBR,D,20080627,000000,0.08120,0.08300,0.08070,0.08240
VTBR,D,20080630,000000,0.08240,0.08260,0.08060,0.08130
VTBR,D,20080701,000000,0.08140,0.08170,0.07910,0.07920
VTBR,D,20080702,000000,0.08030,0.08150,0.07960,0.08110
VTBR,D,20080703,000000,0.08000,0.08310,0.07960,0.08240
VTBR,D,20080704,000000,0.08270,0.08290,0.08120,0.08150
VTBR,D,20080707,000000,0.08210,0.08430,0.08170,0.08350
VTBR,D,20080708,000000,0.08160,0.08320,0.08060,0.08310
VTBR,D,20080709,000000,0.08390,0.08450,0.08230,0.08330
VTBR,D,20080710,000000,0.08210,0.08410,0.08140,0.08320
VTBR,D,20080711,000000,0.08330,0.08360,0.08020,0.08080
VTBR,D,20080714,000000,0.08140,0.08290,0.08130,0.08220
VTBR,D,20080715,000000,0.08100,0.08120,0.07930,0.07960
VTBR,D,20080716,000000,0.08000,0.08180,0.07910,0.08150
VTBR,D,20080717,000000,0.08310,0.08670,0.08300,0.08640
VTBR,D,20080718,000000,0.08520,0.08800,0.08430,0.08570
VTBR,D,20080721,000000,0.08680,0.08830,0.08530,0.08700
VTBR,D,20080722,000000,0.08620,0.08660,0.08480,0.08580
VTBR,D,20080723,000000,0.08710,0.08820,0.08620,0.08640
VTBR,D,20080724,000000,0.08690,0.08780,0.08560,0.08730
VTBR,D,20080725,000000,0.08460,0.08470,0.08180,0.08330
VTBR,D,20080728,000000,0.08410,0.08570,0.08200,0.08200
VTBR,D,20080729,000000,0.08020,0.08310,0.07940,0.08090
VTBR,D,20080730,000000,0.08290,0.08400,0.08200,0.08390
VTBR,D,20080731,000000,0.08430,0.08450,0.08020,0.08050
VTBR,D,20080801,000000,0.08020,0.08190,0.07980,0.08020
VTBR,D,20080804,000000,0.08010,0.08060,0.07750,0.07880
VTBR,D,20080805,000000,0.07800,0.07990,0.07760,0.07790
VTBR,D,20080806,000000,0.08010,0.08090,0.07510,0.07990
VTBR,D,20080807,000000,0.08000,0.08170,0.07980,0.08050
VTBR,D,20080808,000000,0.07990,0.08050,0.07560,0.07560
VTBR,D,20080811,000000,0.07560,0.07910,0.07100,0.07910
VTBR,D,20080812,000000,0.07810,0.08170,0.07670,0.07950
VTBR,D,20080813,000000,0.07850,0.07960,0.07730,0.07740
VTBR,D,20080814,000000,0.07740,0.07940,0.07690,0.07790
VTBR,D,20080815,000000,0.07860,0.07900,0.07760,0.07880
VTBR,D,20080818,000000,0.07910,0.07960,0.07830,0.07850
VTBR,D,20080819,000000,0.07700,0.07730,0.07350,0.07390
VTBR,D,20080820,000000,0.07440,0.07580,0.07370,0.07460
VTBR,D,20080821,000000,0.07480,0.07500,0.07130,0.07310
VTBR,D,20080822,000000,0.07320,0.07510,0.07190,0.07340
VTBR,D,20080825,000000,0.07370,0.07380,0.06760,0.06760
VTBR,D,20080826,000000,0.06690,0.06700,0.06080,0.06660
VTBR,D,20080827,000000,0.06710,0.06840,0.06420,0.06590
VTBR,D,20080828,000000,0.06680,0.06940,0.06480,0.06930
VTBR,D,20080829,000000,0.06930,0.06970,0.06700,0.06760
VTBR,D,20080901,000000,0.06610,0.07010,0.06610,0.06850
VTBR,D,20080902,000000,0.06800,0.07140,0.06720,0.07080
VTBR,D,20080903,000000,0.06970,0.07220,0.06790,0.06850
VTBR,D,20080904,000000,0.06830,0.06980,0.06360,0.06400
VTBR,D,20080905,000000,0.06150,0.06280,0.05660,0.05960
VTBR,D,20080908,000000,0.06420,0.06530,0.06260,0.06330
VTBR,D,20080909,000000,0.06240,0.06340,0.05610,0.05660
VTBR,D,20080910,000000,0.05500,0.05840,0.05130,0.05390
VTBR,D,20080911,000000,0.05370,0.05490,0.04950,0.04950
VTBR,D,20080912,000000,0.05130,0.05430,0.04970,0.05100
VTBR,D,20080915,000000,0.04860,0.04900,0.04540,0.04580
VTBR,D,20080916,000000,0.04350,0.04380,0.03030,0.03240
VTBR,D,20080917,000000,0.03510,0.03690,0.02510,0.02730
VTBR,D,20080919,000000,0.03760,0.04350,0.03310,0.04350
VTBR,D,20080922,000000,0.05500,0.06000,0.04790,0.05000
VTBR,D,20080923,000000,0.04880,0.05150,0.04720,0.05040
VTBR,D,20080924,000000,0.05110,0.05430,0.05100,0.05350
VTBR,D,20080925,000000,0.05300,0.05400,0.05110,0.05350
VTBR,D,20080926,000000,0.05400,0.05400,0.05100,0.05300
VTBR,D,20080929,000000,0.05240,0.05300,0.04860,0.04950
VTBR,D,20080930,000000,0.04600,0.05120,0.04600,0.05050
VTBR,D,20081001,000000,0.05180,0.05230,0.04910,0.05030
VTBR,D,20081002,000000,0.05000,0.05130,0.04780,0.04790
VTBR,D,20081003,000000,0.04640,0.04790,0.04460,0.04570
VTBR,D,20081006,000000,0.04280,0.04300,0.03250,0.03450
VTBR,D,20081007,000000,0.03600,0.03900,0.03240,0.03600
VTBR,D,20081008,000000,0.03190,0.03240,0.02900,0.03120
VTBR,D,20081009,000000,0.03360,0.04160,0.03120,0.03280
VTBR,D,20081013,000000,0.03410,0.03590,0.03060,0.03210
VTBR,D,20081014,000000,0.03540,0.03880,0.03500,0.03800
VTBR,D,20081015,000000,0.03740,0.03860,0.03350,0.03390
VTBR,D,20081016,000000,0.02810,0.03460,0.02710,0.03170
VTBR,D,20081017,000000,0.03370,0.03450,0.03040,0.03090
VTBR,D,20081020,000000,0.03230,0.03300,0.03120,0.03230
VTBR,D,20081021,000000,0.03320,0.03360,0.03240,0.03280
VTBR,D,20081022,000000,0.03140,0.03310,0.03040,0.03260
VTBR,D,20081023,000000,0.03100,0.03340,0.03050,0.03300
VTBR,D,20081024,000000,0.03180,0.03410,0.02930,0.02990
VTBR,D,20081028,000000,0.02890,0.03310,0.02740,0.03290
VTBR,D,20081029,000000,0.03430,0.03720,0.03430,0.03690
VTBR,D,20081030,000000,0.03860,0.04470,0.03850,0.04180
VTBR,D,20081031,000000,0.04000,0.04230,0.03680,0.04190
VTBR,D,20081101,000000,0.04250,0.04460,0.04210,0.04300
VTBR,D,20081105,000000,0.04510,0.04810,0.04190,0.04200
VTBR,D,20081106,000000,0.03830,0.04130,0.03740,0.03830
VTBR,D,20081107,000000,0.03730,0.04020,0.03700,0.03980
VTBR,D,20081110,000000,0.04120,0.04290,0.03930,0.03930
VTBR,D,20081111,000000,0.03820,0.03850,0.03510,0.03530
VTBR,D,20081113,000000,0.02950,0.03450,0.02780,0.03310
VTBR,D,20081114,000000,0.03550,0.03600,0.03200,0.03210
VTBR,D,20081117,000000,0.03210,0.03230,0.02930,0.03100
VTBR,D,20081118,000000,0.03000,0.03250,0.02890,0.03200
VTBR,D,20081119,000000,0.03200,0.03210,0.02990,0.03170
VTBR,D,20081120,000000,0.02890,0.03150,0.02870,0.03100
VTBR,D,20081121,000000,0.03140,0.03240,0.02980,0.02990
VTBR,D,20081124,000000,0.03100,0.03330,0.03020,0.03330
VTBR,D,20081125,000000,0.03500,0.03540,0.03240,0.03300
VTBR,D,20081126,000000,0.03270,0.03390,0.03170,0.03180
VTBR,D,20081127,000000,0.03290,0.03370,0.03170,0.03240
VTBR,D,20081128,000000,0.03270,0.03280,0.03140,0.03170
VTBR,D,20081201,000000,0.03150,0.03200,0.02980,0.02990
VTBR,D,20081202,000000,0.02880,0.03100,0.02860,0.03100
VTBR,D,20081203,000000,0.03130,0.03140,0.03000,0.03040
VTBR,D,20081204,000000,0.03050,0.03140,0.03000,0.03040
VTBR,D,20081205,000000,0.03000,0.03060,0.02990,0.03000
VTBR,D,20081208,000000,0.03150,0.03190,0.03030,0.03130
VTBR,D,20081209,000000,0.03120,0.03180,0.03050,0.03140
VTBR,D,20081210,000000,0.03150,0.03250,0.03120,0.03200
VTBR,D,20081211,000000,0.03200,0.03330,0.03170,0.03300
VTBR,D,20081212,000000,0.03190,0.03450,0.03120,0.03390
VTBR,D,20081215,000000,0.03450,0.03620,0.03380,0.03400
VTBR,D,20081216,000000,0.03360,0.03490,0.03350,0.03380
VTBR,D,20081217,000000,0.03470,0.03480,0.03280,0.03320
VTBR,D,20081218,000000,0.03310,0.03340,0.03150,0.03160
VTBR,D,20081219,000000,0.03110,0.03210,0.03070,0.03210
VTBR,D,20081222,000000,0.03200,0.03270,0.03150,0.03260
VTBR,D,20081223,000000,0.03220,0.03380,0.03200,0.03360
VTBR,D,20081224,000000,0.03350,0.03410,0.03330,0.03380
VTBR,D,20081225,000000,0.03380,0.03400,0.03320,0.03360
VTBR,D,20081226,000000,0.03370,0.03390,0.03300,0.03360
VTBR,D,20081229,000000,0.03360,0.03380,0.03310,0.03380
VTBR,D,20081230,000000,0.03380,0.03400,0.03320,0.03380
VTBR,D,20081231,000000,0.03400,0.03400,0.03320,0.03340
VTBR,D,20090111,000000,0.03360,0.03570,0.03320,0.03400
VTBR,D,20090112,000000,0.03410,0.03480,0.03370,0.03390
VTBR,D,20090113,000000,0.03370,0.03370,0.03260,0.03310
VTBR,D,20090114,000000,0.03330,0.03360,0.03040,0.03080
VTBR,D,20090115,000000,0.03060,0.03170,0.03010,0.03070
VTBR,D,20090116,000000,0.03140,0.03170,0.03010,0.03050
VTBR,D,20090119,000000,0.03080,0.03090,0.02800,0.02850
VTBR,D,20090120,000000,0.02830,0.02860,0.02630,0.02650
VTBR,D,20090121,000000,0.02580,0.02720,0.02500,0.02660
VTBR,D,20090122,000000,0.02740,0.02770,0.02300,0.02330
VTBR,D,20090123,000000,0.02300,0.02380,0.02040,0.02210
VTBR,D,20090126,000000,0.02230,0.02380,0.02110,0.02370
VTBR,D,20090127,000000,0.02370,0.02420,0.02210,0.02290
VTBR,D,20090128,000000,0.02330,0.02380,0.02250,0.02350
VTBR,D,20090129,000000,0.02380,0.02390,0.02220,0.02260
VTBR,D,20090130,000000,0.02240,0.02320,0.02200,0.02200
VTBR,D,20090202,000000,0.02160,0.02220,0.02120,0.02220
VTBR,D,20090203,000000,0.02220,0.02270,0.02180,0.02200
VTBR,D,20090204,000000,0.02220,0.02380,0.02200,0.02310
VTBR,D,20090205,000000,0.02270,0.02320,0.02200,0.02230
VTBR,D,20090206,000000,0.02270,0.02360,0.02210,0.02330
VTBR,D,20090209,000000,0.02360,0.02540,0.02320,0.02480
VTBR,D,20090210,000000,0.02470,0.02610,0.02460,0.02560
VTBR,D,20090211,000000,0.02440,0.02650,0.02390,0.02530
VTBR,D,20090212,000000,0.02560,0.02700,0.02480,0.02480
VTBR,D,20090213,000000,0.02550,0.02590,0.02480,0.02540
VTBR,D,20090216,000000,0.02520,0.02580,0.02350,0.02380
VTBR,D,20090217,000000,0.02330,0.02340,0.02060,0.02100
VTBR,D,20090218,000000,0.02100,0.02170,0.01930,0.02040
VTBR,D,20090219,000000,0.02060,0.02140,0.02030,0.02060
VTBR,D,20090220,000000,0.02030,0.02060,0.01940,0.01990
VTBR,D,20090224,000000,0.01960,0.02000,0.01910,0.01980
VTBR,D,20090225,000000,0.02030,0.02050,0.01950,0.01960
VTBR,D,20090226,000000,0.02010,0.02030,0.01960,0.02010
VTBR,D,20090227,000000,0.02000,0.02010,0.01950,0.01960
VTBR,D,20090302,000000,0.01920,0.01970,0.01900,0.01950
VTBR,D,20090303,000000,0.01920,0.02020,0.01920,0.02000
VTBR,D,20090304,000000,0.02020,0.02180,0.02010,0.02140
VTBR,D,20090305,000000,0.02150,0.02260,0.02070,0.02140
VTBR,D,20090306,000000,0.02100,0.02280,0.02100,0.02210
VTBR,D,20090310,000000,0.02270,0.02640,0.02260,0.02570
VTBR,D,20090311,000000,0.02640,0.02690,0.02550,0.02620
VTBR,D,20090312,000000,0.02580,0.02620,0.02460,0.02570
VTBR,D,20090313,000000,0.02650,0.02770,0.02550,0.02570
VTBR,D,20090316,000000,0.02580,0.02730,0.02560,0.02710
VTBR,D,20090317,000000,0.02750,0.02830,0.02690,0.02740
VTBR,D,20090318,000000,0.02800,0.02840,0.02550,0.02570
VTBR,D,20090319,000000,0.02650,0.02800,0.02650,0.02740
VTBR,D,20090320,000000,0.02730,0.03040,0.02670,0.02950
VTBR,D,20090323,000000,0.03060,0.03270,0.03050,0.03250
VTBR,D,20090324,000000,0.03380,0.03400,0.03020,0.03040
VTBR,D,20090325,000000,0.03050,0.03360,0.02950,0.03330
VTBR,D,20090326,000000,0.03400,0.03420,0.03170,0.03210
VTBR,D,20090327,000000,0.03230,0.03250,0.03020,0.03030
VTBR,D,20090330,000000,0.02960,0.02970,0.02710,0.02730
VTBR,D,20090331,000000,0.02730,0.02910,0.02720,0.02800
VTBR,D,20090401,000000,0.02790,0.02880,0.02730,0.02880
VTBR,D,20090402,000000,0.02970,0.03090,0.02940,0.03070
VTBR,D,20090403,000000,0.03100,0.03100,0.02980,0.02990
VTBR,D,20090406,000000,0.03060,0.03170,0.02940,0.02960
VTBR,D,20090407,000000,0.02970,0.03040,0.02850,0.03010
VTBR,D,20090408,000000,0.02950,0.03080,0.02910,0.03070
VTBR,D,20090409,000000,0.03110,0.03340,0.03090,0.03220
VTBR,D,20090410,000000,0.03270,0.03290,0.03130,0.03190
VTBR,D,20090413,000000,0.03160,0.03220,0.03120,0.03160
VTBR,D,20090414,000000,0.03190,0.03470,0.03160,0.03340
VTBR,D,20090415,000000,0.03260,0.03330,0.03200,0.03250
VTBR,D,20090416,000000,0.03300,0.03430,0.03300,0.03380
VTBR,D,20090417,000000,0.03450,0.03580,0.03370,0.03480
VTBR,D,20090420,000000,0.03480,0.03530,0.03190,0.03220
VTBR,D,20090421,000000,0.03170,0.03250,0.03060,0.03120
VTBR,D,20090422,000000,0.03180,0.03230,0.03070,0.03210
VTBR,D,20090423,000000,0.03300,0.03370,0.03230,0.03280
VTBR,D,20090424,000000,0.03270,0.03300,0.03200,0.03220
VTBR,D,20090427,000000,0.03190,0.03200,0.03100,0.03180
VTBR,D,20090428,000000,0.03130,0.03140,0.03030,0.03070
VTBR,D,20090429,000000,0.03110,0.03200,0.03070,0.03170
VTBR,D,20090430,000000,0.03230,0.03270,0.03130,0.03150
VTBR,D,20090504,000000,0.03210,0.03300,0.03190,0.03300
VTBR,D,20090505,000000,0.03420,0.03520,0.03320,0.03320
VTBR,D,20090506,000000,0.03340,0.03470,0.03250,0.03390
VTBR,D,20090507,000000,0.03470,0.03690,0.03450,0.03610
VTBR,D,20090508,000000,0.03640,0.04230,0.03630,0.04180
VTBR,D,20090512,000000,0.04080,0.04730,0.04070,0.04600
VTBR,D,20090513,000000,0.04740,0.05020,0.04100,0.04240
VTBR,D,20090514,000000,0.04030,0.04120,0.03790,0.03960
VTBR,D,20090515,000000,0.04100,0.04150,0.03880,0.04100
VTBR,D,20090518,000000,0.03980,0.04370,0.03910,0.04370
VTBR,D,20090519,000000,0.04540,0.04630,0.04330,0.04440
VTBR,D,20090520,000000,0.04440,0.04740,0.04330,0.04670
VTBR,D,20090521,000000,0.04570,0.04600,0.04270,0.04290
VTBR,D,20090522,000000,0.04340,0.04520,0.04330,0.04420
VTBR,D,20090525,000000,0.04430,0.04500,0.04320,0.04430
VTBR,D,20090526,000000,0.04390,0.04410,0.04140,0.04280
VTBR,D,20090527,000000,0.04390,0.04430,0.04280,0.04310
VTBR,D,20090528,000000,0.04250,0.04440,0.04210,0.04370
VTBR,D,20090529,000000,0.04470,0.04540,0.04430,0.04460
VTBR,D,20090601,000000,0.04580,0.04920,0.04570,0.04860
VTBR,D,20090602,000000,0.04890,0.05270,0.04620,0.04850
VTBR,D,20090603,000000,0.04900,0.05000,0.04320,0.04370
VTBR,D,20090604,000000,0.04320,0.04560,0.04110,0.04260
VTBR,D,20090605,000000,0.04410,0.04460,0.04200,0.04300
VTBR,D,20090608,000000,0.04210,0.04280,0.04120,0.04270
VTBR,D,20090609,000000,0.04300,0.04350,0.04190,0.04250
VTBR,D,20090610,000000,0.04360,0.04400,0.04180,0.04230
VTBR,D,20090611,000000,0.04250,0.04260,0.04120,0.04170
VTBR,D,20090615,000000,0.04130,0.04130,0.03900,0.03900
VTBR,D,20090616,000000,0.03870,0.04110,0.03870,0.04060
VTBR,D,20090617,000000,0.04020,0.04110,0.03810,0.03830
VTBR,D,20090618,000000,0.03880,0.03890,0.03600,0.03730
VTBR,D,20090619,000000,0.03770,0.03770,0.03600,0.03610
VTBR,D,20090622,000000,0.03560,0.03570,0.03230,0.03260
VTBR,D,20090623,000000,0.03170,0.03450,0.02920,0.03350
VTBR,D,20090624,000000,0.03410,0.03560,0.03360,0.03510
VTBR,D,20090625,000000,0.03530,0.03590,0.03320,0.03530
VTBR,D,20090626,000000,0.03630,0.03670,0.03410,0.03430
VTBR,D,20090629,000000,0.03410,0.03570,0.03350,0.03460
VTBR,D,20090630,000000,0.03530,0.03560,0.03420,0.03440
VTBR,D,20090701,000000,0.03460,0.03700,0.03400,0.03690
VTBR,D,20090702,000000,0.03620,0.03720,0.03500,0.03570
VTBR,D,20090703,000000,0.03560,0.03660,0.03470,0.03630
VTBR,D,20090706,000000,0.03540,0.03560,0.03410,0.03440
VTBR,D,20090707,000000,0.03490,0.03580,0.03390,0.03480
VTBR,D,20090708,000000,0.03400,0.03460,0.03320,0.03360
VTBR,D,20090709,000000,0.03380,0.03430,0.03270,0.03310
VTBR,D,20090710,000000,0.03320,0.03330,0.03090,0.03120
VTBR,D,20090713,000000,0.03040,0.03210,0.02990,0.03160
VTBR,D,20090714,000000,0.03270,0.03350,0.03220,0.03240
VTBR,D,20090715,000000,0.03280,0.03400,0.03280,0.03400
VTBR,D,20090716,000000,0.03450,0.03500,0.03320,0.03500
VTBR,D,20090717,000000,0.03520,0.03680,0.03460,0.03670
VTBR,D,20090720,000000,0.03730,0.03790,0.03640,0.03650
VTBR,D,20090721,000000,0.03690,0.03780,0.03590,0.03700
VTBR,D,20090722,000000,0.03690,0.03740,0.03550,0.03610
VTBR,D,20090723,000000,0.03640,0.03860,0.03620,0.03830
VTBR,D,20090724,000000,0.03870,0.03880,0.03740,0.03810
VTBR,D,20090727,000000,0.03860,0.03990,0.03850,0.03890
VTBR,D,20090728,000000,0.03910,0.03990,0.03710,0.03740
VTBR,D,20090729,000000,0.03700,0.03750,0.03610,0.03650
VTBR,D,20090730,000000,0.03670,0.03890,0.03660,0.03880
VTBR,D,20090731,000000,0.03950,0.04290,0.03840,0.04260
VTBR,D,20090803,000000,0.04350,0.04460,0.04320,0.04420
VTBR,D,20090804,000000,0.04310,0.04320,0.04170,0.04290
VTBR,D,20090805,000000,0.04260,0.04440,0.04130,0.04160
VTBR,D,20090806,000000,0.04230,0.04300,0.04050,0.04130
VTBR,D,20090807,000000,0.04100,0.04320,0.04030,0.04300
VTBR,D,20090810,000000,0.04300,0.04310,0.04140,0.04190
VTBR,D,20090811,000000,0.04190,0.04330,0.04120,0.04140
VTBR,D,20090812,000000,0.04090,0.04260,0.04050,0.04220
VTBR,D,20090813,000000,0.04290,0.04380,0.04190,0.04270
VTBR,D,20090814,000000,0.04290,0.04440,0.04190,0.04200
VTBR,D,20090817,000000,0.04100,0.04180,0.04060,0.04100
VTBR,D,20090818,000000,0.04240,0.04420,0.04200,0.04310
VTBR,D,20090819,000000,0.04310,0.04380,0.04250,0.04330
VTBR,D,20090820,000000,0.04390,0.04430,0.04230,0.04360
VTBR,D,20090821,000000,0.04320,0.04450,0.04290,0.04440
VTBR,D,20090824,000000,0.04500,0.04500,0.04380,0.04440
VTBR,D,20090825,000000,0.04360,0.04480,0.04310,0.04370
VTBR,D,20090826,000000,0.04380,0.04440,0.04260,0.04330
VTBR,D,20090827,000000,0.04290,0.04390,0.04220,0.04280
VTBR,D,20090828,000000,0.04320,0.04410,0.04300,0.04390
VTBR,D,20090831,000000,0.04320,0.04380,0.04290,0.04330
VTBR,D,20090901,000000,0.04350,0.04400,0.04270,0.04390
VTBR,D,20090902,000000,0.04280,0.04350,0.04230,0.04260
VTBR,D,20090903,000000,0.04290,0.04360,0.04250,0.04290
VTBR,D,20090904,000000,0.04310,0.04350,0.04110,0.04170
VTBR,D,20090907,000000,0.04220,0.04570,0.04180,0.04560
VTBR,D,20090908,000000,0.04610,0.04780,0.04560,0.04710
VTBR,D,20090909,000000,0.04690,0.04740,0.04550,0.04590
VTBR,D,20090910,000000,0.04650,0.04670,0.04440,0.04510
VTBR,D,20090911,000000,0.04560,0.04730,0.04480,0.04670
VTBR,D,20090914,000000,0.04570,0.04680,0.04540,0.04670
VTBR,D,20090915,000000,0.04700,0.04960,0.04660,0.04930
VTBR,D,20090916,000000,0.04990,0.05750,0.04970,0.05570
VTBR,D,20090917,000000,0.05750,0.06010,0.05300,0.05410
VTBR,D,20090918,000000,0.05330,0.05820,0.05230,0.05710
VTBR,D,20090921,000000,0.05690,0.05880,0.05480,0.05520
VTBR,D,20090922,000000,0.05640,0.05830,0.05610,0.05780
VTBR,D,20090923,000000,0.05800,0.05950,0.05650,0.05680
VTBR,D,20090924,000000,0.05640,0.05810,0.05430,0.05440
VTBR,D,20090925,000000,0.05510,0.05590,0.05340,0.05430
VTBR,D,20090928,000000,0.05350,0.05700,0.05330,0.05650
VTBR,D,20090929,000000,0.05720,0.05840,0.05600,0.05710
VTBR,D,20090930,000000,0.05720,0.05850,0.05500,0.05540
VTBR,D,20091001,000000,0.05630,0.05720,0.05540,0.05620
VTBR,D,20091002,000000,0.05520,0.05720,0.05310,0.05670
VTBR,D,20091005,000000,0.05690,0.05750,0.05570,0.05670
VTBR,D,20091006,000000,0.05760,0.06130,0.05750,0.06120
VTBR,D,20091007,000000,0.06170,0.06430,0.06100,0.06120
VTBR,D,20091008,000000,0.06260,0.06590,0.06250,0.06560
VTBR,D,20091009,000000,0.06590,0.07060,0.06390,0.06950
VTBR,D,20091012,000000,0.07030,0.07230,0.06960,0.07230
VTBR,D,20091013,000000,0.07180,0.07220,0.06760,0.06870
VTBR,D,20091014,000000,0.07040,0.07140,0.06810,0.06910
VTBR,D,20091015,000000,0.07030,0.07060,0.06630,0.06640
VTBR,D,20091016,000000,0.06740,0.06790,0.06270,0.06300
VTBR,D,20091019,000000,0.06390,0.06640,0.06230,0.06620
VTBR,D,20091020,000000,0.06700,0.06760,0.06480,0.06540
VTBR,D,20091021,000000,0.06460,0.06580,0.06260,0.06500
VTBR,D,20091022,000000,0.06350,0.06460,0.06260,0.06380
VTBR,D,20091023,000000,0.06500,0.06550,0.06320,0.06360
VTBR,D,20091026,000000,0.06320,0.06540,0.06290,0.06380
VTBR,D,20091027,000000,0.06320,0.06360,0.06200,0.06330
VTBR,D,20091028,000000,0.06290,0.06340,0.05880,0.05910
VTBR,D,20091029,000000,0.05810,0.06190,0.05660,0.06170
VTBR,D,20091030,000000,0.06220,0.06230,0.05750,0.05820
VTBR,D,20091102,000000,0.05740,0.05990,0.05690,0.05930
VTBR,D,20091103,000000,0.05870,0.05880,0.05520,0.05570
VTBR,D,20091105,000000,0.05610,0.05780,0.05400,0.05760
VTBR,D,20091106,000000,0.05800,0.05930,0.05620,0.05790
VTBR,D,20091109,000000,0.05890,0.06260,0.05880,0.06260
VTBR,D,20091110,000000,0.06250,0.06650,0.06180,0.06500
VTBR,D,20091111,000000,0.06500,0.06640,0.06310,0.06310
VTBR,D,20091112,000000,0.06290,0.06380,0.06190,0.06310
VTBR,D,20091113,000000,0.06230,0.06370,0.06140,0.06360
VTBR,D,20091116,000000,0.06450,0.06690,0.06450,0.06640
VTBR,D,20091117,000000,0.06610,0.06670,0.06490,0.06570
VTBR,D,20091118,000000,0.06620,0.06740,0.06500,0.06560
VTBR,D,20091119,000000,0.06530,0.06560,0.06310,0.06340
VTBR,D,20091120,000000,0.06360,0.06420,0.06210,0.06340
VTBR,D,20091123,000000,0.06460,0.06510,0.06360,0.06440
VTBR,D,20091124,000000,0.06300,0.06470,0.06240,0.06440
VTBR,D,20091125,000000,0.06490,0.06510,0.06310,0.06370
VTBR,D,20091126,000000,0.06310,0.06330,0.06000,0.06070
VTBR,D,20091127,000000,0.05880,0.06330,0.05730,0.06250
VTBR,D,20091130,000000,0.06360,0.06370,0.06100,0.06190
VTBR,D,20091201,000000,0.06240,0.06570,0.06220,0.06510
VTBR,D,20091202,000000,0.06490,0.06640,0.06370,0.06530
VTBR,D,20091203,000000,0.06590,0.06620,0.06400,0.06410
VTBR,D,20091204,000000,0.06400,0.06690,0.06350,0.06640
VTBR,D,20091207,000000,0.06560,0.06610,0.06440,0.06540
VTBR,D,20091208,000000,0.06480,0.06590,0.06390,0.06440
VTBR,D,20091209,000000,0.06400,0.06520,0.06370,0.06450
VTBR,D,20091210,000000,0.06410,0.06540,0.06350,0.06480
VTBR,D,20091211,000000,0.06530,0.06610,0.06460,0.06490
VTBR,D,20091214,000000,0.06570,0.06580,0.06440,0.06490
VTBR,D,20091215,000000,0.06520,0.06600,0.06460,0.06590
VTBR,D,20091216,000000,0.06570,0.07000,0.06560,0.06930
VTBR,D,20091217,000000,0.06850,0.07050,0.06710,0.06750
VTBR,D,20091218,000000,0.06790,0.07080,0.06770,0.07040
VTBR,D,20091221,000000,0.07120,0.07220,0.07010,0.07140
VTBR,D,20091222,000000,0.07150,0.07170,0.06970,0.06980
VTBR,D,20091223,000000,0.07080,0.07080,0.06880,0.07010
VTBR,D,20091224,000000,0.07070,0.07070,0.06860,0.06950
VTBR,D,20091225,000000,0.06950,0.07040,0.06890,0.07040
VTBR,D,20091228,000000,0.07030,0.07080,0.06930,0.06950
VTBR,D,20091229,000000,0.06930,0.07050,0.06910,0.07050
VTBR,D,20091230,000000,0.07020,0.07040,0.06910,0.06960
VTBR,D,20091231,000000,0.06970,0.07000,0.06910,0.06950
VTBR,D,20100111,000000,0.07250,0.07620,0.07210,0.07260
VTBR,D,20100112,000000,0.07260,0.07370,0.07160,0.07270
VTBR,D,20100113,000000,0.07220,0.07510,0.07180,0.07440
VTBR,D,20100114,000000,0.07560,0.07610,0.07390,0.07430
VTBR,D,20100115,000000,0.07440,0.07520,0.07400,0.07460
VTBR,D,20100118,000000,0.07440,0.07530,0.07430,0.07500
VTBR,D,20100119,000000,0.07510,0.07600,0.07370,0.07580
VTBR,D,20100120,000000,0.07570,0.07720,0.07440,0.07470
VTBR,D,20100121,000000,0.07510,0.07560,0.07380,0.07420
VTBR,D,20100122,000000,0.07320,0.07370,0.07040,0.07120
VTBR,D,20100125,000000,0.07010,0.07260,0.06970,0.07210
VTBR,D,20100126,000000,0.07100,0.07170,0.06970,0.07100
VTBR,D,20100127,000000,0.07050,0.07250,0.07020,0.07200
VTBR,D,20100128,000000,0.07310,0.07490,0.07300,0.07430
VTBR,D,20100129,000000,0.07340,0.07550,0.07330,0.07540
VTBR,D,20100201,000000,0.07440,0.07560,0.07420,0.07490
VTBR,D,20100202,000000,0.07550,0.07610,0.07480,0.07590
VTBR,D,20100203,000000,0.07660,0.07700,0.07560,0.07570
VTBR,D,20100204,000000,0.07550,0.07760,0.07480,0.07550
VTBR,D,20100205,000000,0.07410,0.07460,0.07180,0.07210
VTBR,D,20100208,000000,0.07240,0.07350,0.06980,0.07020
VTBR,D,20100209,000000,0.07070,0.07220,0.07010,0.07180
VTBR,D,20100210,000000,0.07250,0.07360,0.07050,0.07080
VTBR,D,20100211,000000,0.07190,0.07260,0.07080,0.07150
VTBR,D,20100212,000000,0.07220,0.07240,0.06960,0.07070
VTBR,D,20100215,000000,0.07060,0.07150,0.07020,0.07130
VTBR,D,20100216,000000,0.07190,0.07450,0.07150,0.07440
VTBR,D,20100217,000000,0.07460,0.07470,0.07360,0.07410
VTBR,D,20100218,000000,0.07380,0.07410,0.07180,0.07290
VTBR,D,20100219,000000,0.07170,0.07430,0.07120,0.07400
VTBR,D,20100224,000000,0.07380,0.07490,0.07340,0.07430
VTBR,D,20100225,000000,0.07380,0.07460,0.07100,0.07150
VTBR,D,20100226,000000,0.07230,0.07260,0.07130,0.07200
VTBR,D,20100227,000000,0.07200,0.07400,0.07190,0.07380
VTBR,D,20100301,000000,0.07420,0.07580,0.07400,0.07570
VTBR,D,20100302,000000,0.07540,0.07650,0.07520,0.07620
VTBR,D,20100303,000000,0.07590,0.07790,0.07540,0.07690
VTBR,D,20100304,000000,0.07650,0.07780,0.07580,0.07700
VTBR,D,20100305,000000,0.07740,0.07840,0.07720,0.07780
VTBR,D,20100309,000000,0.07830,0.07960,0.07750,0.07890
VTBR,D,20100310,000000,0.07840,0.07900,0.07770,0.07830
VTBR,D,20100311,000000,0.07800,0.07910,0.07630,0.07720
VTBR,D,20100312,000000,0.07790,0.07970,0.07720,0.07910
VTBR,D,20100315,000000,0.07860,0.07950,0.07820,0.07840
VTBR,D,20100316,000000,0.07880,0.08050,0.07880,0.08040
VTBR,D,20100317,000000,0.08130,0.08230,0.08070,0.08120
VTBR,D,20100318,000000,0.08110,0.08190,0.08050,0.08070
VTBR,D,20100319,000000,0.08090,0.08140,0.07830,0.07900
VTBR,D,20100322,000000,0.07840,0.07970,0.07730,0.07820
VTBR,D,20100323,000000,0.07890,0.08000,0.07820,0.07940
VTBR,D,20100324,000000,0.07960,0.07990,0.07810,0.07850
VTBR,D,20100325,000000,0.07870,0.07920,0.07800,0.07910
VTBR,D,20100326,000000,0.07910,0.07950,0.07850,0.07880
VTBR,D,20100329,000000,0.07880,0.08120,0.07840,0.08060
VTBR,D,20100330,000000,0.08080,0.08110,0.07890,0.07930
VTBR,D,20100331,000000,0.07920,0.08110,0.07880,0.08070
VTBR,D,20100401,000000,0.08120,0.08150,0.08000,0.08120
VTBR,D,20100402,000000,0.08140,0.08150,0.08060,0.08110
VTBR,D,20100405,000000,0.08110,0.08170,0.08080,0.08150
VTBR,D,20100406,000000,0.08140,0.08350,0.08040,0.08290
VTBR,D,20100407,000000,0.08300,0.08320,0.08160,0.08200
VTBR,D,20100408,000000,0.08150,0.08260,0.08090,0.08230
VTBR,D,20100409,000000,0.08280,0.08420,0.08280,0.08370
VTBR,D,20100412,000000,0.08440,0.08480,0.08330,0.08390
VTBR,D,20100413,000000,0.08340,0.08460,0.08310,0.08410
VTBR,D,20100414,000000,0.08450,0.08570,0.08420,0.08550
VTBR,D,20100415,000000,0.08600,0.08630,0.08470,0.08520
VTBR,D,20100416,000000,0.08460,0.08520,0.08340,0.08390
VTBR,D,20100419,000000,0.08200,0.08230,0.07790,0.07900
VTBR,D,20100420,000000,0.08020,0.08060,0.07880,0.07970
VTBR,D,20100421,000000,0.08010,0.08030,0.07810,0.07900
VTBR,D,20100422,000000,0.07810,0.07970,0.07650,0.07740
VTBR,D,20100423,000000,0.07780,0.07910,0.07720,0.07860
VTBR,D,20100426,000000,0.07930,0.08040,0.07870,0.08010
VTBR,D,20100427,000000,0.07950,0.07970,0.07810,0.07880
VTBR,D,20100428,000000,0.07700,0.07810,0.07550,0.07680
VTBR,D,20100429,000000,0.07730,0.07930,0.07660,0.07900
VTBR,D,20100430,000000,0.07940,0.07990,0.07780,0.07880
VTBR,D,20100504,000000,0.07880,0.07950,0.07550,0.07590
VTBR,D,20100505,000000,0.07540,0.07680,0.07320,0.07470
VTBR,D,20100506,000000,0.07390,0.07600,0.07200,0.07210
VTBR,D,20100507,000000,0.06990,0.07070,0.06680,0.06700
VTBR,D,20100511,000000,0.07160,0.07290,0.07060,0.07260
VTBR,D,20100512,000000,0.07200,0.07560,0.07180,0.07550
VTBR,D,20100513,000000,0.07630,0.07910,0.07390,0.07510
VTBR,D,20100514,000000,0.07420,0.07500,0.07250,0.07280
VTBR,D,20100517,000000,0.07090,0.07440,0.07070,0.07370
VTBR,D,20100518,000000,0.07420,0.07530,0.07300,0.07430
VTBR,D,20100519,000000,0.07270,0.07340,0.07130,0.07200
VTBR,D,20100520,000000,0.07190,0.07350,0.06870,0.06910
VTBR,D,20100521,000000,0.06960,0.07050,0.06710,0.06940
VTBR,D,20100524,000000,0.07050,0.07110,0.06880,0.07010
VTBR,D,20100525,000000,0.06730,0.06920,0.06570,0.06590
VTBR,D,20100526,000000,0.06800,0.06940,0.06690,0.06910
VTBR,D,20100527,000000,0.06970,0.07350,0.06890,0.07260
VTBR,D,20100528,000000,0.07280,0.07350,0.07130,0.07240
VTBR,D,20100531,000000,0.07230,0.07430,0.07200,0.07410
VTBR,D,20100601,000000,0.07350,0.07530,0.07200,0.07510
VTBR,D,20100602,000000,0.07440,0.07590,0.07330,0.07530
VTBR,D,20100603,000000,0.07680,0.07740,0.07580,0.07690
VTBR,D,20100604,000000,0.07710,0.07800,0.07410,0.07430
VTBR,D,20100607,000000,0.07240,0.07400,0.07120,0.07320
VTBR,D,20100608,000000,0.07350,0.07420,0.07030,0.07040
VTBR,D,20100609,000000,0.07150,0.07230,0.07060,0.07170
VTBR,D,20100610,000000,0.07210,0.07310,0.07040,0.07310
VTBR,D,20100611,000000,0.07330,0.07410,0.07220,0.07340
VTBR,D,20100615,000000,0.07360,0.07670,0.07320,0.07650
VTBR,D,20100616,000000,0.07690,0.07770,0.07570,0.07740
VTBR,D,20100617,000000,0.07700,0.07940,0.07650,0.07730
VTBR,D,20100618,000000,0.07770,0.07880,0.07660,0.07880
VTBR,D,20100621,000000,0.08000,0.08070,0.07920,0.08030
VTBR,D,20100622,000000,0.07930,0.08000,0.07820,0.07890
VTBR,D,20100623,000000,0.07820,0.07940,0.07750,0.07800
VTBR,D,20100624,000000,0.07860,0.07940,0.07750,0.07860
VTBR,D,20100625,000000,0.07840,0.07910,0.07640,0.07700
VTBR,D,20100628,000000,0.07750,0.07970,0.07720,0.07940
VTBR,D,20100629,000000,0.07820,0.07840,0.07620,0.07690
VTBR,D,20100630,000000,0.07650,0.07760,0.07510,0.07540
VTBR,D,20100701,000000,0.07430,0.07480,0.07040,0.07080
VTBR,D,20100702,000000,0.07180,0.07350,0.07110,0.07340
VTBR,D,20100705,000000,0.07320,0.07530,0.07270,0.07480
VTBR,D,20100706,000000,0.07540,0.07760,0.07530,0.07760
VTBR,D,20100707,000000,0.07650,0.07770,0.07460,0.07730
VTBR,D,20100708,000000,0.07840,0.07860,0.07660,0.07680
VTBR,D,20100709,000000,0.07740,0.07790,0.07600,0.07690
VTBR,D,20100712,000000,0.07700,0.07890,0.07640,0.07840
VTBR,D,20100713,000000,0.07800,0.08020,0.07770,0.07970
VTBR,D,20100714,000000,0.08040,0.08110,0.07900,0.07950
VTBR,D,20100715,000000,0.07950,0.08090,0.07840,0.07850
VTBR,D,20100716,000000,0.07860,0.07950,0.07600,0.07640
VTBR,D,20100719,000000,0.07600,0.07760,0.07560,0.07740
VTBR,D,20100720,000000,0.07790,0.07840,0.07650,0.07740
VTBR,D,20100721,000000,0.07820,0.07990,0.07780,0.07920
VTBR,D,20100722,000000,0.07870,0.08110,0.07840,0.08100
VTBR,D,20100723,000000,0.08110,0.08110,0.07940,0.07970
VTBR,D,20100726,000000,0.08070,0.08110,0.07980,0.08090
VTBR,D,20100727,000000,0.08100,0.08290,0.08040,0.08250
VTBR,D,20100728,000000,0.08270,0.08370,0.08160,0.08240
VTBR,D,20100729,000000,0.08280,0.08420,0.08250,0.08360
VTBR,D,20100730,000000,0.08290,0.08330,0.08030,0.08140
VTBR,D,20100802,000000,0.08220,0.08370,0.08190,0.08350
VTBR,D,20100803,000000,0.08370,0.08370,0.08260,0.08310
VTBR,D,20100804,000000,0.08280,0.08560,0.08240,0.08380
VTBR,D,20100805,000000,0.08450,0.08540,0.08320,0.08350
VTBR,D,20100806,000000,0.08410,0.08430,0.08220,0.08270
VTBR,D,20100809,000000,0.08330,0.08420,0.08300,0.08410
VTBR,D,20100810,000000,0.08370,0.08380,0.08190,0.08290
VTBR,D,20100811,000000,0.08220,0.08230,0.08020,0.08090
VTBR,D,20100812,000000,0.08040,0.08180,0.07930,0.08040
VTBR,D,20100813,000000,0.08110,0.08170,0.07980,0.08040
VTBR,D,20100816,000000,0.08080,0.08120,0.07940,0.08050
VTBR,D,20100817,000000,0.08070,0.08200,0.08030,0.08200
VTBR,D,20100818,000000,0.08170,0.08190,0.08030,0.08130
VTBR,D,20100819,000000,0.08170,0.08180,0.08040,0.08060
VTBR,D,20100820,000000,0.08030,0.08090,0.07940,0.08010
VTBR,D,20100823,000000,0.08020,0.08110,0.07960,0.08010
VTBR,D,20100824,000000,0.07960,0.07960,0.07820,0.07860
VTBR,D,20100825,000000,0.07830,0.07910,0.07590,0.07650
VTBR,D,20100826,000000,0.07750,0.07900,0.07670,0.07870
VTBR,D,20100827,000000,0.07820,0.07960,0.07770,0.07950
VTBR,D,20100830,000000,0.08040,0.08070,0.07950,0.07960
VTBR,D,20100831,000000,0.07860,0.08000,0.07800,0.07930
VTBR,D,20100901,000000,0.07980,0.08270,0.07900,0.08260
VTBR,D,20100902,000000,0.08270,0.08330,0.08240,0.08280
VTBR,D,20100903,000000,0.08290,0.08530,0.08210,0.08440
VTBR,D,20100906,000000,0.08490,0.08520,0.08430,0.08480
VTBR,D,20100907,000000,0.08460,0.08480,0.08330,0.08360
VTBR,D,20100908,000000,0.08330,0.08560,0.08330,0.08550
VTBR,D,20100909,000000,0.08580,0.08860,0.08520,0.08830
VTBR,D,20100910,000000,0.08780,0.08890,0.08750,0.08860
VTBR,D,20100913,000000,0.08970,0.09130,0.08950,0.08990
VTBR,D,20100914,000000,0.08990,0.09080,0.08920,0.08990
VTBR,D,20100915,000000,0.08970,0.09000,0.08860,0.08960
VTBR,D,20100916,000000,0.08930,0.09050,0.08870,0.08910
VTBR,D,20100917,000000,0.08980,0.09030,0.08690,0.08720
VTBR,D,20100920,000000,0.08750,0.08880,0.08680,0.08840
VTBR,D,20100921,000000,0.08880,0.08950,0.08800,0.08890
VTBR,D,20100922,000000,0.08920,0.08940,0.08760,0.08870
VTBR,D,20100923,000000,0.08870,0.08990,0.08720,0.08820
VTBR,D,20100924,000000,0.08780,0.08810,0.08700,0.08760
VTBR,D,20100927,000000,0.08830,0.08840,0.08560,0.08570
VTBR,D,20100928,000000,0.08550,0.08580,0.08370,0.08410
VTBR,D,20100929,000000,0.08450,0.08570,0.08400,0.08510
VTBR,D,20100930,000000,0.08480,0.08790,0.08480,0.08780
VTBR,D,20101001,000000,0.08760,0.08990,0.08710,0.08900
VTBR,D,20101004,000000,0.08930,0.08970,0.08860,0.08930
VTBR,D,20101005,000000,0.08920,0.09210,0.08860,0.09170
VTBR,D,20101006,000000,0.09250,0.09270,0.09060,0.09090
VTBR,D,20101007,000000,0.09120,0.09130,0.09000,0.09050
VTBR,D,20101008,000000,0.09020,0.09120,0.08960,0.09100
VTBR,D,20101011,000000,0.09130,0.09180,0.09110,0.09140
VTBR,D,20101012,000000,0.09050,0.09170,0.09010,0.09080
VTBR,D,20101013,000000,0.09130,0.09230,0.09100,0.09210
VTBR,D,20101014,000000,0.09240,0.09260,0.09070,0.09120
VTBR,D,20101015,000000,0.09090,0.09210,0.09020,0.09160
VTBR,D,20101018,000000,0.09090,0.09240,0.09070,0.09220
VTBR,D,20101019,000000,0.09220,0.09530,0.09210,0.09280
VTBR,D,20101020,000000,0.09230,0.09390,0.09220,0.09370
VTBR,D,20101021,000000,0.09410,0.09960,0.09340,0.09930
VTBR,D,20101022,000000,0.09910,0.10280,0.09780,0.10140
VTBR,D,20101025,000000,0.10260,0.10560,0.10170,0.10420
VTBR,D,20101026,000000,0.10370,0.10520,0.10200,0.10230
VTBR,D,20101027,000000,0.10190,0.10220,0.10010,0.10020
VTBR,D,20101028,000000,0.10090,0.10180,0.09950,0.10000
VTBR,D,20101029,000000,0.09960,0.10140,0.09910,0.10120
VTBR,D,20101101,000000,0.10220,0.10450,0.10200,0.10360
VTBR,D,20101102,000000,0.10380,0.10440,0.10300,0.10360
VTBR,D,20101103,000000,0.10400,0.10430,0.10280,0.10350
VTBR,D,20101108,000000,0.10610,0.10750,0.10570,0.10660
VTBR,D,20101109,000000,0.10640,0.10860,0.10610,0.10750
VTBR,D,20101110,000000,0.10690,0.10770,0.10550,0.10600
VTBR,D,20101111,000000,0.10700,0.10790,0.10480,0.10500
VTBR,D,20101112,000000,0.10380,0.10580,0.10330,0.10530
VTBR,D,20101113,000000,0.10470,0.10580,0.10450,0.10570
VTBR,D,20101115,000000,0.10600,0.10650,0.10460,0.10520
VTBR,D,20101116,000000,0.10460,0.10490,0.10200,0.10220
VTBR,D,20101117,000000,0.10190,0.10360,0.10170,0.10320
VTBR,D,20101118,000000,0.10380,0.10510,0.10350,0.10470
VTBR,D,20101119,000000,0.10500,0.10510,0.08560,0.10370
